750
750.02
750.04
750.06
750.08
750.1
750.12
750.14
750.16
750.18
750.2
750.22
750.24
750.26
750.28
750.3
750.32
750.34
750.36
750.38
750.4
750.42
750.44
750.46
750.48
750.5
750.52
750.54
750.56
750.58
750.6
750.62
750.64
750.66
750.68
750.7
750.72
750.74
750.76
750.78
750.8
750.82
750.84
750.86
750.88
750.9
750.92
750.94
750.96
750.98
751
751.02
751.04
751.06
751.08
751.1
751.12
751.14
751.16
751.18
751.2
751.22
751.24
751.26
751.28
751.3
751.32
751.34
751.36
751.38
751.4
751.42
751.44
751.46
751.48
751.5
751.52
751.54
751.56
751.58
751.6
751.62
751.64
751.66
751.68
751.7
751.72
751.74
751.76
751.78
751.8
751.82
751.84
751.86
751.88
751.9
751.92
751.94
751.96
751.98
752
752.02
752.04
752.06
752.08
752.1
752.12
752.14
752.16
752.18
752.2
752.22
752.24
752.26
752.28
752.3
752.32
752.34
752.36
752.38
752.4
752.42
752.44
752.46
752.48
752.5
752.52
752.54
752.56
752.58
752.6
752.62
752.64
752.66
752.68
752.7
752.72
752.74
752.76
752.78
752.8
752.82
752.84
752.86
752.88
752.9
752.92
752.94
752.96
752.98
753
753.02
753.04
753.06
753.08
753.1
753.12
753.14
753.16
753.18
753.2
753.22
753.24
753.26
753.28
753.3
753.32
753.34
753.36
753.38
753.4
753.42
753.44
753.46
753.48
753.5
753.52
753.54
753.56
753.58
753.6
753.62
753.64
753.66
753.68
753.7
753.72
753.74
753.76
753.78
753.8
753.82
753.84
753.86
753.88
753.9
753.92
753.94
753.96
753.98
754
754.02
754.04
754.06
754.08
754.1
754.12
754.14
754.16
754.18
754.2
754.22
754.24
754.26
754.28
754.3
754.32
754.34
754.36
754.38
754.4
754.42
754.44
754.46
754.48
754.5
754.52
754.54
754.56
754.58
754.6
754.62
754.64
754.66
754.68
754.7
754.72
754.74
754.76
754.78
754.8
754.82
754.84
754.86
754.88
754.9
754.92
754.94
754.96
754.98
755
755.02
755.04
755.06
755.08
755.1
755.12
755.14
755.16
755.18
755.2
755.22
755.24
755.26
755.28
755.3
755.32
755.34
755.36
755.38
755.4
755.42
755.44
755.46
755.48
755.5
755.52
755.54
755.56
755.58
755.6
755.62
755.64
755.66
755.68
755.7
755.72
755.74
755.76
755.78
755.8
755.82
755.84
755.86
755.88
755.9
755.92
755.94
755.96
755.98
756
756.02
756.04
756.06
756.08
756.1
756.12
756.14
756.16
756.18
756.2
756.22
756.24
756.26
756.28
756.3
756.32
756.34
756.36
756.38
756.4
756.42
756.44
756.46
756.48
756.5
756.52
756.54
756.56
756.58
756.6
756.62
756.64
756.66
756.68
756.7
756.72
756.74
756.76
756.78
756.8
756.82
756.84
756.86
756.88
756.9
756.92
756.94
756.96
756.98
757
757.02
757.04
757.06
757.08
757.1
757.12
757.14
757.16
757.18
757.2
757.22
757.24
757.26
757.28
757.3
757.32
757.34
757.36
757.38
757.4
757.42
757.44
757.46
757.48
757.5
757.52
757.54
757.56
757.58
757.6
757.62
757.64
757.66
757.68
757.7
757.72
757.74
757.76
757.78
757.8
757.82
757.84
757.86
757.88
757.9
757.92
757.94
757.96
757.98
758
758.02
758.04
758.06
758.08
758.1
758.12
758.14
758.16
758.18
758.2
758.22
758.24
758.26
758.28
758.3
758.32
758.34
758.36
758.38
758.4
758.42
758.44
758.46
758.48
758.5
758.52
758.54
758.56
758.58
758.6
758.62
758.64
758.66
758.68
758.7
758.72
758.74
758.76
758.78
758.8
758.82
758.84
758.86
758.88
758.9
758.92
758.94
758.96
758.98
759
759.02
759.04
759.06
759.08
759.1
759.12
759.14
759.16
759.18
759.2
759.22
759.24
759.26
759.28
759.3
759.32
759.34
759.36
759.38
759.4
759.42
759.44
759.46
759.48
759.5
759.52
759.54
759.56
759.58
759.6
759.62
759.64
759.66
759.68
759.7
759.72
759.74
759.76
759.78
759.8
759.82
759.84
759.86
759.88
759.9
759.92
759.94
759.96
759.98
760
760.02
760.04
760.06
760.08
760.1
760.12
760.14
760.16
760.18
760.2
760.22
760.24
760.26
760.28
760.3
760.32
760.34
760.36
760.38
760.4
760.42
760.44
760.46
760.48
760.5
760.52
760.54
760.56
760.58
760.6
760.62
760.64
760.66
760.68
760.7
760.72
760.74
760.76
760.78
760.8
760.82
760.84
760.86
760.88
760.9
760.92
760.94
760.96
760.98
761
761.02
761.04
761.06
761.08
761.1
761.12
761.14
761.16
761.18
761.2
761.22
761.24
761.26
761.28
761.3
761.32
761.34
761.36
761.38
761.4
761.42
761.44
761.46
761.48
761.5
761.52
761.54
761.56
761.58
761.6
761.62
761.64
761.66
761.68
761.7
761.72
761.74
761.76
761.78
761.8
761.82
761.84
761.86
761.88
761.9
761.92
761.94
761.96
761.98
762
762.02
762.04
762.06
762.08
762.1
762.12
762.14
762.16
762.18
762.2
762.22
762.24
762.26
762.28
762.3
762.32
762.34
762.36
762.38
762.4
762.42
762.44
762.46
762.48
762.5
762.52
762.54
762.56
762.58
762.6
762.62
762.64
762.66
762.68
762.7
762.72
762.74
762.76
762.78
762.8
762.82
762.84
762.86
762.88
762.9
762.92
762.94
762.96
762.98
763
763.02
763.04
763.06
763.08
763.1
763.12
763.14
763.16
763.18
763.2
763.22
763.24
763.26
763.28
763.3
763.32
763.34
763.36
763.38
763.4
763.42
763.44
763.46
763.48
763.5
763.52
763.54
763.56
763.58
763.6
763.62
763.64
763.66
763.68
763.7
763.72
763.74
763.76
763.78
763.8
763.82
763.84
763.86
763.88
763.9
763.92
763.94
763.96
763.98
764
764.02
764.04
764.06
764.08
764.1
764.12
764.14
764.16
764.18
764.2
764.22
764.24
764.26
764.28
764.3
764.32
764.34
764.36
764.38
764.4
764.42
764.44
764.46
764.48
764.5
764.52
764.54
764.56
764.58
764.6
764.62
764.64
764.66
764.68
764.7
764.72
764.74
764.76
764.78
764.8
764.82
764.84
764.86
764.88
764.9
764.92
764.94
764.96
764.98
765
765.02
765.04
765.06
765.08
765.1
765.12
765.14
765.16
765.18
765.2
765.22
765.24
765.26
765.28
765.3
765.32
765.34
765.36
765.38
765.4
765.42
765.44
765.46
765.48
765.5
765.52
765.54
765.56
765.58
765.6
765.62
765.64
765.66
765.68
765.7
765.72
765.74
765.76
765.78
765.8
765.82
765.84
765.86
765.88
765.9
765.92
765.94
765.96
765.98
766
766.02
766.04
766.06
766.08
766.1
766.12
766.14
766.16
766.18
766.2
766.22
766.24
766.26
766.28
766.3
766.32
766.34
766.36
766.38
766.4
766.42
766.44
766.46
766.48
766.5
766.52
766.54
766.56
766.58
766.6
766.62
766.64
766.66
766.68
766.7
766.72
766.74
766.76
766.78
766.8
766.82
766.84
766.86
766.88
766.9
766.92
766.94
766.96
766.98
767
767.02
767.04
767.06
767.08
767.1
767.12
767.14
767.16
767.18
767.2
767.22
767.24
767.26
767.28
767.3
767.32
767.34
767.36
767.38
767.4
767.42
767.44
767.46
767.48
767.5
767.52
767.54
767.56
767.58
767.6
767.62
767.64
767.66
767.68
767.7
767.72
767.74
767.76
767.78
767.8
767.82
767.84
767.86
767.88
767.9
767.92
767.94
767.96
767.98
768
768.02
768.04
768.06
768.08
768.1
768.12
768.14
768.16
768.18
768.2
768.22
768.24
768.26
768.28
768.3
768.32
768.34
768.36
768.38
768.4
768.42
768.44
768.46
768.48
768.5
768.52
768.54
768.56
768.58
768.6
768.62
768.64
768.66
768.68
768.7
768.72
768.74
768.76
768.78
768.8
768.82
768.84
768.86
768.88
768.9
768.92
768.94
768.96
768.98
769
769.02
769.04
769.06
769.08
769.1
769.12
769.14
769.16
769.18
769.2
769.22
769.24
769.26
769.28
769.3
769.32
769.34
769.36
769.38
769.4
769.42
769.44
769.46
769.48
769.5
769.52
769.54
769.56
769.58
769.6
769.62
769.64
769.66
769.68
769.7
769.72
769.74
769.76
769.78
769.8
769.82
769.84
769.86
769.88
769.9
769.92
769.94
769.96
769.98
770
770.02
770.04
770.06
770.08
770.1
770.12
770.14
770.16
770.18
770.2
770.22
770.24
770.26
770.28
770.3
770.32
770.34
770.36
770.38
770.4
770.42
770.44
770.46
770.48
770.5
770.52
770.54
770.56
770.58
770.6
770.62
770.64
770.66
770.68
770.7
770.72
770.74
770.76
770.78
770.8
770.82
770.84
770.86
770.88
770.9
770.92
770.94
770.96
770.98
771
771.02
771.04
771.06
771.08
771.1
771.12
771.14
771.16
771.18
771.2
771.22
771.24
771.26
771.28
771.3
771.32
771.34
771.36
771.38
771.4
771.42
771.44
771.46
771.48
771.5
771.52
771.54
771.56
771.58
771.6
771.62
771.64
771.66
771.68
771.7
771.72
771.74
771.76
771.78
771.8
771.82
771.84
771.86
771.88
771.9
771.92
771.94
771.96
771.98
772
772.02
772.04
772.06
772.08
772.1
772.12
772.14
772.16
772.18
772.2
772.22
772.24
772.26
772.28
772.3
772.32
772.34
772.36
772.38
772.4
772.42
772.44
772.46
772.48
772.5
772.52
772.54
772.56
772.58
772.6
772.62
772.64
772.66
772.68
772.7
772.72
772.74
772.76
772.78
772.8
772.82
772.84
772.86
772.88
772.9
772.92
772.94
772.96
772.98
773
773.02
773.04
773.06
773.08
773.1
773.12
773.14
773.16
773.18
773.2
773.22
773.24
773.26
773.28
773.3
773.32
773.34
773.36
773.38
773.4
773.42
773.44
773.46
773.48
773.5
773.52
773.54
773.56
773.58
773.6
773.62
773.64
773.66
773.68
773.7
773.72
773.74
773.76
773.78
773.8
773.82
773.84
773.86
773.88
773.9
773.92
773.94
773.96
773.98
774
774.02
774.04
774.06
774.08
774.1
774.12
774.14
774.16
774.18
774.2
774.22
774.24
774.26
774.28
774.3
774.32
774.34
774.36
774.38
774.4
774.42
774.44
774.46
774.48
774.5
774.52
774.54
774.56
774.58
774.6
774.62
774.64
774.66
774.68
774.7
774.72
774.74
774.76
774.78
774.8
774.82
774.84
774.86
774.88
774.9
774.92
774.94
774.96
774.98
775
775.02
775.04
775.06
775.08
775.1
775.12
775.14
775.16
775.18
775.2
775.22
775.24
775.26
775.28
775.3
775.32
775.34
775.36
775.38
775.4
775.42
775.44
775.46
775.48
775.5
775.52
775.54
775.56
775.58
775.6
775.62
775.64
775.66
775.68
775.7
775.72
775.74
775.76
775.78
775.8
775.82
775.84
775.86
775.88
775.9
775.92
775.94
775.96
775.98
776
776.02
776.04
776.06
776.08
776.1
776.12
776.14
776.16
776.18
776.2
776.22
776.24
776.26
776.28
776.3
776.32
776.34
776.36
776.38
776.4
776.42
776.44
776.46
776.48
776.5
776.52
776.54
776.56
776.58
776.6
776.62
776.64
776.66
776.68
776.7
776.72
776.74
776.76
776.78
776.8
776.82
776.84
776.86
776.88
776.9
776.92
776.94
776.96
776.98
777
777.02
777.04
777.06
777.08
777.1
777.12
777.14
777.16
777.18
777.2
777.22
777.24
777.26
777.28
777.3
777.32
777.34
777.36
777.38
777.4
777.42
777.44
777.46
777.48
777.5
777.52
777.54
777.56
777.58
777.6
777.62
777.64
777.66
777.68
777.7
777.72
777.74
777.76
777.78
777.8
777.82
777.84
777.86
777.88
777.9
777.92
777.94
777.96
777.98
778
778.02
778.04
778.06
778.08
778.1
778.12
778.14
778.16
778.18
778.2
778.22
778.24
778.26
778.28
778.3
778.32
778.34
778.36
778.38
778.4
778.42
778.44
778.46
778.48
778.5
778.52
778.54
778.56
778.58
778.6
778.62
778.64
778.66
778.68
778.7
778.72
778.74
778.76
778.78
778.8
778.82
778.84
778.86
778.88
778.9
778.92
778.94
778.96
778.98
779
779.02
779.04
779.06
779.08
779.1
779.12
779.14
779.16
779.18
779.2
779.22
779.24
779.26
779.28
779.3
779.32
779.34
779.36
779.38
779.4
779.42
779.44
779.46
779.48
779.5
779.52
779.54
779.56
779.58
779.6
779.62
779.64
779.66
779.68
779.7
779.72
779.74
779.76
779.78
779.8
779.82
779.84
779.86
779.88
779.9
779.92
779.94
779.96
779.98
780
780.02
780.04
780.06
780.08
780.1
780.12
780.14
780.16
780.18
780.2
780.22
780.24
780.26
780.28
780.3
780.32
780.34
780.36
780.38
780.4
780.42
780.44
780.46
780.48
780.5
780.52
780.54
780.56
780.58
780.6
780.62
780.64
780.66
780.68
780.7
780.72
780.74
780.76
780.78
780.8
780.82
780.84
780.86
780.88
780.9
780.92
780.94
780.96
780.98
781
781.02
781.04
781.06
781.08
781.1
781.12
781.14
781.16
781.18
781.2
781.22
781.24
781.26
781.28
781.3
781.32
781.34
781.36
781.38
781.4
781.42
781.44
781.46
781.48
781.5
781.52
781.54
781.56
781.58
781.6
781.62
781.64
781.66
781.68
781.7
781.72
781.74
781.76
781.78
781.8
781.82
781.84
781.86
781.88
781.9
781.92
781.94
781.96
781.98
782
782.02
782.04
782.06
782.08
782.1
782.12
782.14
782.16
782.18
782.2
782.22
782.24
782.26
782.28
782.3
782.32
782.34
782.36
782.38
782.4
782.42
782.44
782.46
782.48
782.5
782.52
782.54
782.56
782.58
782.6
782.62
782.64
782.66
782.68
782.7
782.72
782.74
782.76
782.78
782.8
782.82
782.84
782.86
782.88
782.9
782.92
782.94
782.96
782.98
783
783.02
783.04
783.06
783.08
783.1
783.12
783.14
783.16
783.18
783.2
783.22
783.24
783.26
783.28
783.3
783.32
783.34
783.36
783.38
783.4
783.42
783.44
783.46
783.48
783.5
783.52
783.54
783.56
783.58
783.6
783.62
783.64
783.66
783.68
783.7
783.72
783.74
783.76
783.78
783.8
783.82
783.84
783.86
783.88
783.9
783.92
783.94
783.96
783.98
784
784.02
784.04
784.06
784.08
784.1
784.12
784.14
784.16
784.18
784.2
784.22
784.24
784.26
784.28
784.3
784.32
784.34
784.36
784.38
784.4
784.42
784.44
784.46
784.48
784.5
784.52
784.54
784.56
784.58
784.6
784.62
784.64
784.66
784.68
784.7
784.72
784.74
784.76
784.78
784.8
784.82
784.84
784.86
784.88
784.9
784.92
784.94
784.96
784.98
785
785.02
785.04
785.06
785.08
785.1
785.12
785.14
785.16
785.18
785.2
785.22
785.24
785.26
785.28
785.3
785.32
785.34
785.36
785.38
785.4
785.42
785.44
785.46
785.48
785.5
785.52
785.54
785.56
785.58
785.6
785.62
785.64
785.66
785.68
785.7
785.72
785.74
785.76
785.78
785.8
785.82
785.84
785.86
785.88
785.9
785.92
785.94
785.96
785.98
786
786.02
786.04
786.06
786.08
786.1
786.12
786.14
786.16
786.18
786.2
786.22
786.24
786.26
786.28
786.3
786.32
786.34
786.36
786.38
786.4
786.42
786.44
786.46
786.48
786.5
786.52
786.54
786.56
786.58
786.6
786.62
786.64
786.66
786.68
786.7
786.72
786.74
786.76
786.78
786.8
786.82
786.84
786.86
786.88
786.9
786.92
786.94
786.96
786.98
787
787.02
787.04
787.06
787.08
787.1
787.12
787.14
787.16
787.18
787.2
787.22
787.24
787.26
787.28
787.3
787.32
787.34
787.36
787.38
787.4
787.42
787.44
787.46
787.48
787.5
787.52
787.54
787.56
787.58
787.6
787.62
787.64
787.66
787.68
787.7
787.72
787.74
787.76
787.78
787.8
787.82
787.84
787.86
787.88
787.9
787.92
787.94
787.96
787.98
788
788.02
788.04
788.06
788.08
788.1
788.12
788.14
788.16
788.18
788.2
788.22
788.24
788.26
788.28
788.3
788.32
788.34
788.36
788.38
788.4
788.42
788.44
788.46
788.48
788.5
788.52
788.54
788.56
788.58
788.6
788.62
788.64
788.66
788.68
788.7
788.72
788.74
788.76
788.78
788.8
788.82
788.84
788.86
788.88
788.9
788.92
788.94
788.96
788.98
789
789.02
789.04
789.06
789.08
789.1
789.12
789.14
789.16
789.18
789.2
789.22
789.24
789.26
789.28
789.3
789.32
789.34
789.36
789.38
789.4
789.42
789.44
789.46
789.48
789.5
789.52
789.54
789.56
789.58
789.6
789.62
789.64
789.66
789.68
789.7
789.72
789.74
789.76
789.78
789.8
789.82
789.84
789.86
789.88
789.9
789.92
789.94
789.96
789.98
790
790.02
790.04
790.06
790.08
790.1
790.12
790.14
790.16
790.18
790.2
790.22
790.24
790.26
790.28
790.3
790.32
790.34
790.36
790.38
790.4
790.42
790.44
790.46
790.48
790.5
790.52
790.54
790.56
790.58
790.6
790.62
790.64
790.66
790.68
790.7
790.72
790.74
790.76
790.78
790.8
790.82
790.84
790.86
790.88
790.9
790.92
790.94
790.96
790.98
791
791.02
791.04
791.06
791.08
791.1
791.12
791.14
791.16
791.18
791.2
791.22
791.24
791.26
791.28
791.3
791.32
791.34
791.36
791.38
791.4
791.42
791.44
791.46
791.48
791.5
791.52
791.54
791.56
791.58
791.6
791.62
791.64
791.66
791.68
791.7
791.72
791.74
791.76
791.78
791.8
791.82
791.84
791.86
791.88
791.9
791.92
791.94
791.96
791.98
792
792.02
792.04
792.06
792.08
792.1
792.12
792.14
792.16
792.18
792.2
792.22
792.24
792.26
792.28
792.3
792.32
792.34
792.36
792.38
792.4
792.42
792.44
792.46
792.48
792.5
792.52
792.54
792.56
792.58
792.6
792.62
792.64
792.66
792.68
792.7
792.72
792.74
792.76
792.78
792.8
792.82
792.84
792.86
792.88
792.9
792.92
792.94
792.96
792.98
793
793.02
793.04
793.06
793.08
793.1
793.12
793.14
793.16
793.18
793.2
793.22
793.24
793.26
793.28
793.3
793.32
793.34
793.36
793.38
793.4
793.42
793.44
793.46
793.48
793.5
793.52
793.54
793.56
793.58
793.6
793.62
793.64
793.66
793.68
793.7
793.72
793.74
793.76
793.78
793.8
793.82
793.84
793.86
793.88
793.9
793.92
793.94
793.96
793.98
794
794.02
794.04
794.06
794.08
794.1
794.12
794.14
794.16
794.18
794.2
794.22
794.24
794.26
794.28
794.3
794.32
794.34
794.36
794.38
794.4
794.42
794.44
794.46
794.48
794.5
794.52
794.54
794.56
794.58
794.6
794.62
794.64
794.66
794.68
794.7
794.72
794.74
794.76
794.78
794.8
794.82
794.84
794.86
794.88
794.9
794.92
794.94
794.96
794.98
795
795.02
795.04
795.06
795.08
795.1
795.12
795.14
795.16
795.18
795.2
795.22
795.24
795.26
795.28
795.3
795.32
795.34
795.36
795.38
795.4
795.42
795.44
795.46
795.48
795.5
795.52
795.54
795.56
795.58
795.6
795.62
795.64
795.66
795.68
795.7
795.72
795.74
795.76
795.78
795.8
795.82
795.84
795.86
795.88
795.9
795.92
795.94
795.96
795.98
796
796.02
796.04
796.06
796.08
796.1
796.12
796.14
796.16
796.18
796.2
796.22
796.24
796.26
796.28
796.3
796.32
796.34
796.36
796.38
796.4
796.42
796.44
796.46
796.48
796.5
796.52
796.54
796.56
796.58
796.6
796.62
796.64
796.66
796.68
796.7
796.72
796.74
796.76
796.78
796.8
796.82
796.84
796.86
796.88
796.9
796.92
796.94
796.96
796.98
797
797.02
797.04
797.06
797.08
797.1
797.12
797.14
797.16
797.18
797.2
797.22
797.24
797.26
797.28
797.3
797.32
797.34
797.36
797.38
797.4
797.42
797.44
797.46
797.48
797.5
797.52
797.54
797.56
797.58
797.6
797.62
797.64
797.66
797.68
797.7
797.72
797.74
797.76
797.78
797.8
797.82
797.84
797.86
797.88
797.9
797.92
797.94
797.96
797.98
798
798.02
798.04
798.06
798.08
798.1
798.12
798.14
798.16
798.18
798.2
798.22
798.24
798.26
798.28
798.3
798.32
798.34
798.36
798.38
798.4
798.42
798.44
798.46
798.48
798.5
798.52
798.54
798.56
798.58
798.6
798.62
798.64
798.66
798.68
798.7
798.72
798.74
798.76
798.78
798.8
798.82
798.84
798.86
798.88
798.9
798.92
798.94
798.96
798.98
799
799.02
799.04
799.06
799.08
799.1
799.12
799.14
799.16
799.18
799.2
799.22
799.24
799.26
799.28
799.3
799.32
799.34
799.36
799.38
799.4
799.42
799.44
799.46
799.48
799.5
799.52
799.54
799.56
799.58
799.6
799.62
799.64
799.66
799.68
799.7
799.72
799.74
799.76
799.78
799.8
799.82
799.84
799.86
799.88
799.9
799.92
799.94
799.96
799.98
800
800.02
800.04
800.06
800.08
800.1
800.12
800.14
800.16
800.18
800.2
800.22
800.24
800.26
800.28
800.3
800.32
800.34
800.36
800.38
800.4
800.42
800.44
800.46
800.48
800.5
800.52
800.54
800.56
800.58
800.6
800.62
800.64
800.66
800.68
800.7
800.72
800.74
800.76
800.78
800.8
800.82
800.84
800.86
800.88
800.9
800.92
800.94
800.96
800.98
801
801.02
801.04
801.06
801.08
801.1
801.12
801.14
801.16
801.18
801.2
801.22
801.24
801.26
801.28
801.3
801.32
801.34
801.36
801.38
801.4
801.42
801.44
801.46
801.48
801.5
801.52
801.54
801.56
801.58
801.6
801.62
801.64
801.66
801.68
801.7
801.72
801.74
801.76
801.78
801.8
801.82
801.84
801.86
801.88
801.9
801.92
801.94
801.96
801.98
802
802.02
802.04
802.06
802.08
802.1
802.12
802.14
802.16
802.18
802.2
802.22
802.24
802.26
802.28
802.3
802.32
802.34
802.36
802.38
802.4
802.42
802.44
802.46
802.48
802.5
802.52
802.54
802.56
802.58
802.6
802.62
802.64
802.66
802.68
802.7
802.72
802.74
802.76
802.78
802.8
802.82
802.84
802.86
802.88
802.9
802.92
802.94
802.96
802.98
803
803.02
803.04
803.06
803.08
803.1
803.12
803.14
803.16
803.18
803.2
803.22
803.24
803.26
803.28
803.3
803.32
803.34
803.36
803.38
803.4
803.42
803.44
803.46
803.48
803.5
803.52
803.54
803.56
803.58
803.6
803.62
803.64
803.66
803.68
803.7
803.72
803.74
803.76
803.78
803.8
803.82
803.84
803.86
803.88
803.9
803.92
803.94
803.96
803.98
804
804.02
804.04
804.06
804.08
804.1
804.12
804.14
804.16
804.18
804.2
804.22
804.24
804.26
804.28
804.3
804.32
804.34
804.36
804.38
804.4
804.42
804.44
804.46
804.48
804.5
804.52
804.54
804.56
804.58
804.6
804.62
804.64
804.66
804.68
804.7
804.72
804.74
804.76
804.78
804.8
804.82
804.84
804.86
804.88
804.9
804.92
804.94
804.96
804.98
805
805.02
805.04
805.06
805.08
805.1
805.12
805.14
805.16
805.18
805.2
805.22
805.24
805.26
805.28
805.3
805.32
805.34
805.36
805.38
805.4
805.42
805.44
805.46
805.48
805.5
805.52
805.54
805.56
805.58
805.6
805.62
805.64
805.66
805.68
805.7
805.72
805.74
805.76
805.78
805.8
805.82
805.84
805.86
805.88
805.9
805.92
805.94
805.96
805.98
806
806.02
806.04
806.06
806.08
806.1
806.12
806.14
806.16
806.18
806.2
806.22
806.24
806.26
806.28
806.3
806.32
806.34
806.36
806.38
806.4
806.42
806.44
806.46
806.48
806.5
806.52
806.54
806.56
806.58
806.6
806.62
806.64
806.66
806.68
806.7
806.72
806.74
806.76
806.78
806.8
806.82
806.84
806.86
806.88
806.9
806.92
806.94
806.96
806.98
807
807.02
807.04
807.06
807.08
807.1
807.12
807.14
807.16
807.18
807.2
807.22
807.24
807.26
807.28
807.3
807.32
807.34
807.36
807.38
807.4
807.42
807.44
807.46
807.48
807.5
807.52
807.54
807.56
807.58
807.6
807.62
807.64
807.66
807.68
807.7
807.72
807.74
807.76
807.78
807.8
807.82
807.84
807.86
807.88
807.9
807.92
807.94
807.96
807.98
808
808.02
808.04
808.06
808.08
808.1
808.12
808.14
808.16
808.18
808.2
808.22
808.24
808.26
808.28
808.3
808.32
808.34
808.36
808.38
808.4
808.42
808.44
808.46
808.48
808.5
808.52
808.54
808.56
808.58
808.6
808.62
808.64
808.66
808.68
808.7
808.72
808.74
808.76
808.78
808.8
808.82
808.84
808.86
808.88
808.9
808.92
808.94
808.96
808.98
809
809.02
809.04
809.06
809.08
809.1
809.12
809.14
809.16
809.18
809.2
809.22
809.24
809.26
809.28
809.3
809.32
809.34
809.36
809.38
809.4
809.42
809.44
809.46
809.48
809.5
809.52
809.54
809.56
809.58
809.6
809.62
809.64
809.66
809.68
809.7
809.72
809.74
809.76
809.78
809.8
809.82
809.84
809.86
809.88
809.9
809.92
809.94
809.96
809.98
810
810.02
810.04
810.06
810.08
810.1
810.12
810.14
810.16
810.18
810.2
810.22
810.24
810.26
810.28
810.3
810.32
810.34
810.36
810.38
810.4
810.42
810.44
810.46
810.48
810.5
810.52
810.54
810.56
810.58
810.6
810.62
810.64
810.66
810.68
810.7
810.72
810.74
810.76
810.78
810.8
810.82
810.84
810.86
810.88
810.9
810.92
810.94
810.96
810.98
811
811.02
811.04
811.06
811.08
811.1
811.12
811.14
811.16
811.18
811.2
811.22
811.24
811.26
811.28
811.3
811.32
811.34
811.36
811.38
811.4
811.42
811.44
811.46
811.48
811.5
811.52
811.54
811.56
811.58
811.6
811.62
811.64
811.66
811.68
811.7
811.72
811.74
811.76
811.78
811.8
811.82
811.84
811.86
811.88
811.9
811.92
811.94
811.96
811.98
812
812.02
812.04
812.06
812.08
812.1
812.12
812.14
812.16
812.18
812.2
812.22
812.24
812.26
812.28
812.3
812.32
812.34
812.36
812.38
812.4
812.42
812.44
812.46
812.48
812.5
812.52
812.54
812.56
812.58
812.6
812.62
812.64
812.66
812.68
812.7
812.72
812.74
812.76
812.78
812.8
812.82
812.84
812.86
812.88
812.9
812.92
812.94
812.96
812.98
813
813.02
813.04
813.06
813.08
813.1
813.12
813.14
813.16
813.18
813.2
813.22
813.24
813.26
813.28
813.3
813.32
813.34
813.36
813.38
813.4
813.42
813.44
813.46
813.48
813.5
813.52
813.54
813.56
813.58
813.6
813.62
813.64
813.66
813.68
813.7
813.72
813.74
813.76
813.78
813.8
813.82
813.84
813.86
813.88
813.9
813.92
813.94
813.96
813.98
814
814.02
814.04
814.06
814.08
814.1
814.12
814.14
814.16
814.18
814.2
814.22
814.24
814.26
814.28
814.3
814.32
814.34
814.36
814.38
814.4
814.42
814.44
814.46
814.48
814.5
814.52
814.54
814.56
814.58
814.6
814.62
814.64
814.66
814.68
814.7
814.72
814.74
814.76
814.78
814.8
814.82
814.84
814.86
814.88
814.9
814.92
814.94
814.96
814.98
815
815.02
815.04
815.06
815.08
815.1
815.12
815.14
815.16
815.18
815.2
815.22
815.24
815.26
815.28
815.3
815.32
815.34
815.36
815.38
815.4
815.42
815.44
815.46
815.48
815.5
815.52
815.54
815.56
815.58
815.6
815.62
815.64
815.66
815.68
815.7
815.72
815.74
815.76
815.78
815.8
815.82
815.84
815.86
815.88
815.9
815.92
815.94
815.96
815.98
816
816.02
816.04
816.06
816.08
816.1
816.12
816.14
816.16
816.18
816.2
816.22
816.24
816.26
816.28
816.3
816.32
816.34
816.36
816.38
816.4
816.42
816.44
816.46
816.48
816.5
816.52
816.54
816.56
816.58
816.6
816.62
816.64
816.66
816.68
816.7
816.72
816.74
816.76
816.78
816.8
816.82
816.84
816.86
816.88
816.9
816.92
816.94
816.96
816.98
817
817.02
817.04
817.06
817.08
817.1
817.12
817.14
817.16
817.18
817.2
817.22
817.24
817.26
817.28
817.3
817.32
817.34
817.36
817.38
817.4
817.42
817.44
817.46
817.48
817.5
817.52
817.54
817.56
817.58
817.6
817.62
817.64
817.66
817.68
817.7
817.72
817.74
817.76
817.78
817.8
817.82
817.84
817.86
817.88
817.9
817.92
817.94
817.96
817.98
818
818.02
818.04
818.06
818.08
818.1
818.12
818.14
818.16
818.18
818.2
818.22
818.24
818.26
818.28
818.3
818.32
818.34
818.36
818.38
818.4
818.42
818.44
818.46
818.48
818.5
818.52
818.54
818.56
818.58
818.6
818.62
818.64
818.66
818.68
818.7
818.72
818.74
818.76
818.78
818.8
818.82
818.84
818.86
818.88
818.9
818.92
818.94
818.96
818.98
819
819.02
819.04
819.06
819.08
819.1
819.12
819.14
819.16
819.18
819.2
819.22
819.24
819.26
819.28
819.3
819.32
819.34
819.36
819.38
819.4
819.42
819.44
819.46
819.48
819.5
819.52
819.54
819.56
819.58
819.6
819.62
819.64
819.66
819.68
819.7
819.72
819.74
819.76
819.78
819.8
819.82
819.84
819.86
819.88
819.9
819.92
819.94
819.96
819.98
820
820.02
820.04
820.06
820.08
820.1
820.12
820.14
820.16
820.18
820.2
820.22
820.24
820.26
820.28
820.3
820.32
820.34
820.36
820.38
820.4
820.42
820.44
820.46
820.48
820.5
820.52
820.54
820.56
820.58
820.6
820.62
820.64
820.66
820.68
820.7
820.72
820.74
820.76
820.78
820.8
820.82
820.84
820.86
820.88
820.9
820.92
820.94
820.96
820.98
821
821.02
821.04
821.06
821.08
821.1
821.12
821.14
821.16
821.18
821.2
821.22
821.24
821.26
821.28
821.3
821.32
821.34
821.36
821.38
821.4
821.42
821.44
821.46
821.48
821.5
821.52
821.54
821.56
821.58
821.6
821.62
821.64
821.66
821.68
821.7
821.72
821.74
821.76
821.78
821.8
821.82
821.84
821.86
821.88
821.9
821.92
821.94
821.96
821.98
822
822.02
822.04
822.06
822.08
822.1
822.12
822.14
822.16
822.18
822.2
822.22
822.24
822.26
822.28
822.3
822.32
822.34
822.36
822.38
822.4
822.42
822.44
822.46
822.48
822.5
822.52
822.54
822.56
822.58
822.6
822.62
822.64
822.66
822.68
822.7
822.72
822.74
822.76
822.78
822.8
822.82
822.84
822.86
822.88
822.9
822.92
822.94
822.96
822.98
823
823.02
823.04
823.06
823.08
823.1
823.12
823.14
823.16
823.18
823.2
823.22
823.24
823.26
823.28
823.3
823.32
823.34
823.36
823.38
823.4
823.42
823.44
823.46
823.48
823.5
823.52
823.54
823.56
823.58
823.6
823.62
823.64
823.66
823.68
823.7
823.72
823.74
823.76
823.78
823.8
823.82
823.84
823.86
823.88
823.9
823.92
823.94
823.96
823.98
824
824.02
824.04
824.06
824.08
824.1
824.12
824.14
824.16
824.18
824.2
824.22
824.24
824.26
824.28
824.3
824.32
824.34
824.36
824.38
824.4
824.42
824.44
824.46
824.48
824.5
824.52
824.54
824.56
824.58
824.6
824.62
824.64
824.66
824.68
824.7
824.72
824.74
824.76
824.78
824.8
824.82
824.84
824.86
824.88
824.9
824.92
824.94
824.96
824.98
825
825.02
825.04
825.06
825.08
825.1
825.12
825.14
825.16
825.18
825.2
825.22
825.24
825.26
825.28
825.3
825.32
825.34
825.36
825.38
825.4
825.42
825.44
825.46
825.48
825.5
825.52
825.54
825.56
825.58
825.6
825.62
825.64
825.66
825.68
825.7
825.72
825.74
825.76
825.78
825.8
825.82
825.84
825.86
825.88
825.9
825.92
825.94
825.96
825.98
826
826.02
826.04
826.06
826.08
826.1
826.12
826.14
826.16
826.18
826.2
826.22
826.24
826.26
826.28
826.3
826.32
826.34
826.36
826.38
826.4
826.42
826.44
826.46
826.48
826.5
826.52
826.54
826.56
826.58
826.6
826.62
826.64
826.66
826.68
826.7
826.72
826.74
826.76
826.78
826.8
826.82
826.84
826.86
826.88
826.9
826.92
826.94
826.96
826.98
827
827.02
827.04
827.06
827.08
827.1
827.12
827.14
827.16
827.18
827.2
827.22
827.24
827.26
827.28
827.3
827.32
827.34
827.36
827.38
827.4
827.42
827.44
827.46
827.48
827.5
827.52
827.54
827.56
827.58
827.6
827.62
827.64
827.66
827.68
827.7
827.72
827.74
827.76
827.78
827.8
827.82
827.84
827.86
827.88
827.9
827.92
827.94
827.96
827.98
828
828.02
828.04
828.06
828.08
828.1
828.12
828.14
828.16
828.18
828.2
828.22
828.24
828.26
828.28
828.3
828.32
828.34
828.36
828.38
828.4
828.42
828.44
828.46
828.48
828.5
828.52
828.54
828.56
828.58
828.6
828.62
828.64
828.66
828.68
828.7
828.72
828.74
828.76
828.78
828.8
828.82
828.84
828.86
828.88
828.9
828.92
828.94
828.96
828.98
829
829.02
829.04
829.06
829.08
829.1
829.12
829.14
829.16
829.18
829.2
829.22
829.24
829.26
829.28
829.3
829.32
829.34
829.36
829.38
829.4
829.42
829.44
829.46
829.48
829.5
829.52
829.54
829.56
829.58
829.6
829.62
829.64
829.66
829.68
829.7
829.72
829.74
829.76
829.78
829.8
829.82
829.84
829.86
829.88
829.9
829.92
829.94
829.96
829.98
830
830.02
830.04
830.06
830.08
830.1
830.12
830.14
830.16
830.18
830.2
830.22
830.24
830.26
830.28
830.3
830.32
830.34
830.36
830.38
830.4
830.42
830.44
830.46
830.48
830.5
830.52
830.54
830.56
830.58
830.6
830.62
830.64
830.66
830.68
830.7
830.72
830.74
830.76
830.78
830.8
830.82
830.84
830.86
830.88
830.9
830.92
830.94
830.96
830.98
831
831.02
831.04
831.06
831.08
831.1
831.12
831.14
831.16
831.18
831.2
831.22
831.24
831.26
831.28
831.3
831.32
831.34
831.36
831.38
831.4
831.42
831.44
831.46
831.48
831.5
831.52
831.54
831.56
831.58
831.6
831.62
831.64
831.66
831.68
831.7
831.72
831.74
831.76
831.78
831.8
831.82
831.84
831.86
831.88
831.9
831.92
831.94
831.96
831.98
832
832.02
832.04
832.06
832.08
832.1
832.12
832.14
832.16
832.18
832.2
832.22
832.24
832.26
832.28
832.3
832.32
832.34
832.36
832.38
832.4
832.42
832.44
832.46
832.48
832.5
832.52
832.54
832.56
832.58
832.6
832.62
832.64
832.66
832.68
832.7
832.72
832.74
832.76
832.78
832.8
832.82
832.84
832.86
832.88
832.9
832.92
832.94
832.96
832.98
833
833.02
833.04
833.06
833.08
833.1
833.12
833.14
833.16
833.18
833.2
833.22
833.24
833.26
833.28
833.3
833.32
833.34
833.36
833.38
833.4
833.42
833.44
833.46
833.48
833.5
833.52
833.54
833.56
833.58
833.6
833.62
833.64
833.66
833.68
833.7
833.72
833.74
833.76
833.78
833.8
833.82
833.84
833.86
833.88
833.9
833.92
833.94
833.96
833.98
834
834.02
834.04
834.06
834.08
834.1
834.12
834.14
834.16
834.18
834.2
834.22
834.24
834.26
834.28
834.3
834.32
834.34
834.36
834.38
834.4
834.42
834.44
834.46
834.48
834.5
834.52
834.54
834.56
834.58
834.6
834.62
834.64
834.66
834.68
834.7
834.72
834.74
834.76
834.78
834.8
834.82
834.84
834.86
834.88
834.9
834.92
834.94
834.96
834.98
835
835.02
835.04
835.06
835.08
835.1
835.12
835.14
835.16
835.18
835.2
835.22
835.24
835.26
835.28
835.3
835.32
835.34
835.36
835.38
835.4
835.42
835.44
835.46
835.48
835.5
835.52
835.54
835.56
835.58
835.6
835.62
835.64
835.66
835.68
835.7
835.72
835.74
835.76
835.78
835.8
835.82
835.84
835.86
835.88
835.9
835.92
835.94
835.96
835.98
836
836.02
836.04
836.06
836.08
836.1
836.12
836.14
836.16
836.18
836.2
836.22
836.24
836.26
836.28
836.3
836.32
836.34
836.36
836.38
836.4
836.42
836.44
836.46
836.48
836.5
836.52
836.54
836.56
836.58
836.6
836.62
836.64
836.66
836.68
836.7
836.72
836.74
836.76
836.78
836.8
836.82
836.84
836.86
836.88
836.9
836.92
836.94
836.96
836.98
837
837.02
837.04
837.06
837.08
837.1
837.12
837.14
837.16
837.18
837.2
837.22
837.24
837.26
837.28
837.3
837.32
837.34
837.36
837.38
837.4
837.42
837.44
837.46
837.48
837.5
837.52
837.54
837.56
837.58
837.6
837.62
837.64
837.66
837.68
837.7
837.72
837.74
837.76
837.78
837.8
837.82
837.84
837.86
837.88
837.9
837.92
837.94
837.96
837.98
838
838.02
838.04
838.06
838.08
838.1
838.12
838.14
838.16
838.18
838.2
838.22
838.24
838.26
838.28
838.3
838.32
838.34
838.36
838.38
838.4
838.42
838.44
838.46
838.48
838.5
838.52
838.54
838.56
838.58
838.6
838.62
838.64
838.66
838.68
838.7
838.72
838.74
838.76
838.78
838.8
838.82
838.84
838.86
838.88
838.9
838.92
838.94
838.96
838.98
839
839.02
839.04
839.06
839.08
839.1
839.12
839.14
839.16
839.18
839.2
839.22
839.24
839.26
839.28
839.3
839.32
839.34
839.36
839.38
839.4
839.42
839.44
839.46
839.48
839.5
839.52
839.54
839.56
839.58
839.6
839.62
839.64
839.66
839.68
839.7
839.72
839.74
839.76
839.78
839.8
839.82
839.84
839.86
839.88
839.9
839.92
839.94
839.96
839.98
840
840.02
840.04
840.06
840.08
840.1
840.12
840.14
840.16
840.18
840.2
840.22
840.24
840.26
840.28
840.3
840.32
840.34
840.36
840.38
840.4
840.42
840.44
840.46
840.48
840.5
840.52
840.54
840.56
840.58
840.6
840.62
840.64
840.66
840.68
840.7
840.72
840.74
840.76
840.78
840.8
840.82
840.84
840.86
840.88
840.9
840.92
840.94
840.96
840.98
841
841.02
841.04
841.06
841.08
841.1
841.12
841.14
841.16
841.18
841.2
841.22
841.24
841.26
841.28
841.3
841.32
841.34
841.36
841.38
841.4
841.42
841.44
841.46
841.48
841.5
841.52
841.54
841.56
841.58
841.6
841.62
841.64
841.66
841.68
841.7
841.72
841.74
841.76
841.78
841.8
841.82
841.84
841.86
841.88
841.9
841.92
841.94
841.96
841.98
842
842.02
842.04
842.06
842.08
842.1
842.12
842.14
842.16
842.18
842.2
842.22
842.24
842.26
842.28
842.3
842.32
842.34
842.36
842.38
842.4
842.42
842.44
842.46
842.48
842.5
842.52
842.54
842.56
842.58
842.6
842.62
842.64
842.66
842.68
842.7
842.72
842.74
842.76
842.78
842.8
842.82
842.84
842.86
842.88
842.9
842.92
842.94
842.96
842.98
843
843.02
843.04
843.06
843.08
843.1
843.12
843.14
843.16
843.18
843.2
843.22
843.24
843.26
843.28
843.3
843.32
843.34
843.36
843.38
843.4
843.42
843.44
843.46
843.48
843.5
843.52
843.54
843.56
843.58
843.6
843.62
843.64
843.66
843.68
843.7
843.72
843.74
843.76
843.78
843.8
843.82
843.84
843.86
843.88
843.9
843.92
843.94
843.96
843.98
844
844.02
844.04
844.06
844.08
844.1
844.12
844.14
844.16
844.18
844.2
844.22
844.24
844.26
844.28
844.3
844.32
844.34
844.36
844.38
844.4
844.42
844.44
844.46
844.48
844.5
844.52
844.54
844.56
844.58
844.6
844.62
844.64
844.66
844.68
844.7
844.72
844.74
844.76
844.78
844.8
844.82
844.84
844.86
844.88
844.9
844.92
844.94
844.96
844.98
845
845.02
845.04
845.06
845.08
845.1
845.12
845.14
845.16
845.18
845.2
845.22
845.24
845.26
845.28
845.3
845.32
845.34
845.36
845.38
845.4
845.42
845.44
845.46
845.48
845.5
845.52
845.54
845.56
845.58
845.6
845.62
845.64
845.66
845.68
845.7
845.72
845.74
845.76
845.78
845.8
845.82
845.84
845.86
845.88
845.9
845.92
845.94
845.96
845.98
846
846.02
846.04
846.06
846.08
846.1
846.12
846.14
846.16
846.18
846.2
846.22
846.24
846.26
846.28
846.3
846.32
846.34
846.36
846.38
846.4
846.42
846.44
846.46
846.48
846.5
846.52
846.54
846.56
846.58
846.6
846.62
846.64
846.66
846.68
846.7
846.72
846.74
846.76
846.78
846.8
846.82
846.84
846.86
846.88
846.9
846.92
846.94
846.96
846.98
847
847.02
847.04
847.06
847.08
847.1
847.12
847.14
847.16
847.18
847.2
847.22
847.24
847.26
847.28
847.3
847.32
847.34
847.36
847.38
847.4
847.42
847.44
847.46
847.48
847.5
847.52
847.54
847.56
847.58
847.6
847.62
847.64
847.66
847.68
847.7
847.72
847.74
847.76
847.78
847.8
847.82
847.84
847.86
847.88
847.9
847.92
847.94
847.96
847.98
848
848.02
848.04
848.06
848.08
848.1
848.12
848.14
848.16
848.18
848.2
848.22
848.24
848.26
848.28
848.3
848.32
848.34
848.36
848.38
848.4
848.42
848.44
848.46
848.48
848.5
848.52
848.54
848.56
848.58
848.6
848.62
848.64
848.66
848.68
848.7
848.72
848.74
848.76
848.78
848.8
848.82
848.84
848.86
848.88
848.9
848.92
848.94
848.96
848.98
849
849.02
849.04
849.06
849.08
849.1
849.12
849.14
849.16
849.18
849.2
849.22
849.24
849.26
849.28
849.3
849.32
849.34
849.36
849.38
849.4
849.42
849.44
849.46
849.48
849.5
849.52
849.54
849.56
849.58
849.6
849.62
849.64
849.66
849.68
849.7
849.72
849.74
849.76
849.78
849.8
849.82
849.84
849.86
849.88
849.9
849.92
849.94
849.96
849.98
850