700
700.1
700.2
700.3
700.4
700.5
700.6
700.7
700.8
700.9
701
701.1
701.2
701.3
701.4
701.5
701.6
701.7
701.8
701.9
702
702.1
702.2
702.3
702.4
702.5
702.6
702.7
702.8
702.9
703
703.1
703.2
703.3
703.4
703.5
703.6
703.7
703.8
703.9
704
704.1
704.2
704.3
704.4
704.5
704.6
704.7
704.8
704.9
705
705.1
705.2
705.3
705.4
705.5
705.6
705.7
705.8
705.9
706
706.1
706.2
706.3
706.4
706.5
706.6
706.7
706.8
706.9
707
707.1
707.2
707.3
707.4
707.5
707.6
707.7
707.8
707.9
708
708.1
708.2
708.3
708.4
708.5
708.6
708.7
708.8
708.9
709
709.1
709.2
709.3
709.4
709.5
709.6
709.7
709.8
709.9
710
710.1
710.2
710.3
710.4
710.5
710.6
710.7
710.8
710.9
711
711.1
711.2
711.3
711.4
711.5
711.6
711.7
711.8
711.9
712
712.1
712.2
712.3
712.4
712.5
712.6
712.7
712.8
712.9
713
713.1
713.2
713.3
713.4
713.5
713.6
713.7
713.8
713.9
714
714.1
714.2
714.3
714.4
714.5
714.6
714.7
714.8
714.9
715
715.1
715.2
715.3
715.4
715.5
715.6
715.7
715.8
715.9
716
716.1
716.2
716.3
716.4
716.5
716.6
716.7
716.8
716.9
717
717.1
717.2
717.3
717.4
717.5
717.6
717.7
717.8
717.9
718
718.1
718.2
718.3
718.4
718.5
718.6
718.7
718.8
718.9
719
719.1
719.2
719.3
719.4
719.5
719.6
719.7
719.8
719.9
720
720.1
720.2
720.3
720.4
720.5
720.6
720.7
720.8
720.9
721
721.1
721.2
721.3
721.4
721.5
721.6
721.7
721.8
721.9
722
722.1
722.2
722.3
722.4
722.5
722.6
722.7
722.8
722.9
723
723.1
723.2
723.3
723.4
723.5
723.6
723.7
723.8
723.9
724
724.1
724.2
724.3
724.4
724.5
724.6
724.7
724.8
724.9
725
725.1
725.2
725.3
725.4
725.5
725.6
725.7
725.8
725.9
726
726.1
726.2
726.3
726.4
726.5
726.6
726.7
726.8
726.9
727
727.1
727.2
727.3
727.4
727.5
727.6
727.7
727.8
727.9
728
728.1
728.2
728.3
728.4
728.5
728.6
728.7
728.8
728.9
729
729.1
729.2
729.3
729.4
729.5
729.6
729.7
729.8
729.9
730
730.1
730.2
730.3
730.4
730.5
730.6
730.7
730.8
730.9
731
731.1
731.2
731.3
731.4
731.5
731.6
731.7
731.8
731.9
732
732.1
732.2
732.3
732.4
732.5
732.6
732.7
732.8
732.9
733
733.1
733.2
733.3
733.4
733.5
733.6
733.7
733.8
733.9
734
734.1
734.2
734.3
734.4
734.5
734.6
734.7
734.8
734.9
735
735.1
735.2
735.3
735.4
735.5
735.6
735.7
735.8
735.9
736
736.1
736.2
736.3
736.4
736.5
736.6
736.7
736.8
736.9
737
737.1
737.2
737.3
737.4
737.5
737.6
737.7
737.8
737.9
738
738.1
738.2
738.3
738.4
738.5
738.6
738.7
738.8
738.9
739
739.1
739.2
739.3
739.4
739.5
739.6
739.7
739.8
739.9
740
740.1
740.2
740.3
740.4
740.5
740.6
740.7
740.8
740.9
741
741.1
741.2
741.3
741.4
741.5
741.6
741.7
741.8
741.9
742
742.1
742.2
742.3
742.4
742.5
742.6
742.7
742.8
742.9
743
743.1
743.2
743.3
743.4
743.5
743.6
743.7
743.8
743.9
744
744.1
744.2
744.3
744.4
744.5
744.6
744.7
744.8
744.9
745
745.1
745.2
745.3
745.4
745.5
745.6
745.7
745.8
745.9
746
746.1
746.2
746.3
746.4
746.5
746.6
746.7
746.8
746.9
747
747.1
747.2
747.3
747.4
747.5
747.6
747.7
747.8
747.9
748
748.1
748.2
748.3
748.4
748.5
748.6
748.7
748.8
748.9
749
749.1
749.2
749.3
749.4
749.5
749.6
749.7
749.8
749.9
750
750.1
750.2
750.3
750.4
750.5
750.6
750.7
750.8
750.9
751
751.1
751.2
751.3
751.4
751.5
751.6
751.7
751.8
751.9
752
752.1
752.2
752.3
752.4
752.5
752.6
752.7
752.8
752.9
753
753.1
753.2
753.3
753.4
753.5
753.6
753.7
753.8
753.9
754
754.1
754.2
754.3
754.4
754.5
754.6
754.7
754.8
754.9
755
755.1
755.2
755.3
755.4
755.5
755.6
755.7
755.8
755.9
756
756.1
756.2
756.3
756.4
756.5
756.6
756.7
756.8
756.9
757
757.1
757.2
757.3
757.4
757.5
757.6
757.7
757.8
757.9
758
758.1
758.2
758.3
758.4
758.5
758.6
758.7
758.8
758.9
759
759.1
759.2
759.3
759.4
759.5
759.6
759.7
759.8
759.9
760
760.1
760.2
760.3
760.4
760.5
760.6
760.7
760.8
760.9
761
761.1
761.2
761.3
761.4
761.5
761.6
761.7
761.8
761.9
762
762.1
762.2
762.3
762.4
762.5
762.6
762.7
762.8
762.9
763
763.1
763.2
763.3
763.4
763.5
763.6
763.7
763.8
763.9
764
764.1
764.2
764.3
764.4
764.5
764.6
764.7
764.8
764.9
765
765.1
765.2
765.3
765.4
765.5
765.6
765.7
765.8
765.9
766
766.1
766.2
766.3
766.4
766.5
766.6
766.7
766.8
766.9
767
767.1
767.2
767.3
767.4
767.5
767.6
767.7
767.8
767.9
768
768.1
768.2
768.3
768.4
768.5
768.6
768.7
768.8
768.9
769
769.1
769.2
769.3
769.4
769.5
769.6
769.7
769.8
769.9
770
770.1
770.2
770.3
770.4
770.5
770.6
770.7
770.8
770.9
771
771.1
771.2
771.3
771.4
771.5
771.6
771.7
771.8
771.9
772
772.1
772.2
772.3
772.4
772.5
772.6
772.7
772.8
772.9
773
773.1
773.2
773.3
773.4
773.5
773.6
773.7
773.8
773.9
774
774.1
774.2
774.3
774.4
774.5
774.6
774.7
774.8
774.9
775
775.1
775.2
775.3
775.4
775.5
775.6
775.7
775.8
775.9
776
776.1
776.2
776.3
776.4
776.5
776.6
776.7
776.8
776.9
777
777.1
777.2
777.3
777.4
777.5
777.6
777.7
777.8
777.9
778
778.1
778.2
778.3
778.4
778.5
778.6
778.7
778.8
778.9
779
779.1
779.2
779.3
779.4
779.5
779.6
779.7
779.8
779.9
780
780.1
780.2
780.3
780.4
780.5
780.6
780.7
780.8
780.9
781
781.1
781.2
781.3
781.4
781.5
781.6
781.7
781.8
781.9
782
782.1
782.2
782.3
782.4
782.5
782.6
782.7
782.8
782.9
783
783.1
783.2
783.3
783.4
783.5
783.6
783.7
783.8
783.9
784
784.1
784.2
784.3
784.4
784.5
784.6
784.7
784.8
784.9
785
785.1
785.2
785.3
785.4
785.5
785.6
785.7
785.8
785.9
786
786.1
786.2
786.3
786.4
786.5
786.6
786.7
786.8
786.9
787
787.1
787.2
787.3
787.4
787.5
787.6
787.7
787.8
787.9
788
788.1
788.2
788.3
788.4
788.5
788.6
788.7
788.8
788.9
789
789.1
789.2
789.3
789.4
789.5
789.6
789.7
789.8
789.9
790
790.1
790.2
790.3
790.4
790.5
790.6
790.7
790.8
790.9
791
791.1
791.2
791.3
791.4
791.5
791.6
791.7
791.8
791.9
792
792.1
792.2
792.3
792.4
792.5
792.6
792.7
792.8
792.9
793
793.1
793.2
793.3
793.4
793.5
793.6
793.7
793.8
793.9
794
794.1
794.2
794.3
794.4
794.5
794.6
794.7
794.8
794.9
795
795.1
795.2
795.3
795.4
795.5
795.6
795.7
795.8
795.9
796
796.1
796.2
796.3
796.4
796.5
796.6
796.7
796.8
796.9
797
797.1
797.2
797.3
797.4
797.5
797.6
797.7
797.8
797.9
798
798.1
798.2
798.3
798.4
798.5
798.6
798.7
798.8
798.9
799
799.1
799.2
799.3
799.4
799.5
799.6
799.7
799.8
799.9
800
800.1
800.2
800.3
800.4
800.5
800.6
800.7
800.8
800.9
801
801.1
801.2
801.3
801.4
801.5
801.6
801.7
801.8
801.9
802
802.1
802.2
802.3
802.4
802.5
802.6
802.7
802.8
802.9
803
803.1
803.2
803.3
803.4
803.5
803.6
803.7
803.8
803.9
804
804.1
804.2
804.3
804.4
804.5
804.6
804.7
804.8
804.9
805
805.1
805.2
805.3
805.4
805.5
805.6
805.7
805.8
805.9
806
806.1
806.2
806.3
806.4
806.5
806.6
806.7
806.8
806.9
807
807.1
807.2
807.3
807.4
807.5
807.6
807.7
807.8
807.9
808
808.1
808.2
808.3
808.4
808.5
808.6
808.7
808.8
808.9
809
809.1
809.2
809.3
809.4
809.5
809.6
809.7
809.8
809.9
810
810.1
810.2
810.3
810.4
810.5
810.6
810.7
810.8
810.9
811
811.1
811.2
811.3
811.4
811.5
811.6
811.7
811.8
811.9
812
812.1
812.2
812.3
812.4
812.5
812.6
812.7
812.8
812.9
813
813.1
813.2
813.3
813.4
813.5
813.6
813.7
813.8
813.9
814
814.1
814.2
814.3
814.4
814.5
814.6
814.7
814.8
814.9
815
815.1
815.2
815.3
815.4
815.5
815.6
815.7
815.8
815.9
816
816.1
816.2
816.3
816.4
816.5
816.6
816.7
816.8
816.9
817
817.1
817.2
817.3
817.4
817.5
817.6
817.7
817.8
817.9
818
818.1
818.2
818.3
818.4
818.5
818.6
818.7
818.8
818.9
819
819.1
819.2
819.3
819.4
819.5
819.6
819.7
819.8
819.9
820
820.1
820.2
820.3
820.4
820.5
820.6
820.7
820.8
820.9
821
821.1
821.2
821.3
821.4
821.5
821.6
821.7
821.8
821.9
822
822.1
822.2
822.3
822.4
822.5
822.6
822.7
822.8
822.9
823
823.1
823.2
823.3
823.4
823.5
823.6
823.7
823.8
823.9
824
824.1
824.2
824.3
824.4
824.5
824.6
824.7
824.8
824.9
825
825.1
825.2
825.3
825.4
825.5
825.6
825.7
825.8
825.9
826
826.1
826.2
826.3
826.4
826.5
826.6
826.7
826.8
826.9
827
827.1
827.2
827.3
827.4
827.5
827.6
827.7
827.8
827.9
828
828.1
828.2
828.3
828.4
828.5
828.6
828.7
828.8
828.9
829
829.1
829.2
829.3
829.4
829.5
829.6
829.7
829.8
829.9
830
830.1
830.2
830.3
830.4
830.5
830.6
830.7
830.8
830.9
831
831.1
831.2
831.3
831.4
831.5
831.6
831.7
831.8
831.9
832
832.1
832.2
832.3
832.4
832.5
832.6
832.7
832.8
832.9
833
833.1
833.2
833.3
833.4
833.5
833.6
833.7
833.8
833.9
834
834.1
834.2
834.3
834.4
834.5
834.6
834.7
834.8
834.9
835
835.1
835.2
835.3
835.4
835.5
835.6
835.7
835.8
835.9
836
836.1
836.2
836.3
836.4
836.5
836.6
836.7
836.8
836.9
837
837.1
837.2
837.3
837.4
837.5
837.6
837.7
837.8
837.9
838
838.1
838.2
838.3
838.4
838.5
838.6
838.7
838.8
838.9
839
839.1
839.2
839.3
839.4
839.5
839.6
839.7
839.8
839.9
840
840.1
840.2
840.3
840.4
840.5
840.6
840.7
840.8
840.9
841
841.1
841.2
841.3
841.4
841.5
841.6
841.7
841.8
841.9
842
842.1
842.2
842.3
842.4
842.5
842.6
842.7
842.8
842.9
843
843.1
843.2
843.3
843.4
843.5
843.6
843.7
843.8
843.9
844
844.1
844.2
844.3
844.4
844.5
844.6
844.7
844.8
844.9
845
845.1
845.2
845.3
845.4
845.5
845.6
845.7
845.8
845.9
846
846.1
846.2
846.3
846.4
846.5
846.6
846.7
846.8
846.9
847
847.1
847.2
847.3
847.4
847.5
847.6
847.7
847.8
847.9
848
848.1
848.2
848.3
848.4
848.5
848.6
848.7
848.8
848.9
849
849.1
849.2
849.3
849.4
849.5
849.6
849.7
849.8
849.9
850
850.1
850.2
850.3
850.4
850.5
850.6
850.7
850.8
850.9
851
851.1
851.2
851.3
851.4
851.5
851.6
851.7
851.8
851.9
852
852.1
852.2
852.3
852.4
852.5
852.6
852.7
852.8
852.9
853
853.1
853.2
853.3
853.4
853.5
853.6
853.7
853.8
853.9
854
854.1
854.2
854.3
854.4
854.5
854.6
854.7
854.8
854.9
855
855.1
855.2
855.3
855.4
855.5
855.6
855.7
855.8
855.9
856
856.1
856.2
856.3
856.4
856.5
856.6
856.7
856.8
856.9
857
857.1
857.2
857.3
857.4
857.5
857.6
857.7
857.8
857.9
858
858.1
858.2
858.3
858.4
858.5
858.6
858.7
858.8
858.9
859
859.1
859.2
859.3
859.4
859.5
859.6
859.7
859.8
859.9
860
860.1
860.2
860.3
860.4
860.5
860.6
860.7
860.8
860.9
861
861.1
861.2
861.3
861.4
861.5
861.6
861.7
861.8
861.9
862
862.1
862.2
862.3
862.4
862.5
862.6
862.7
862.8
862.9
863
863.1
863.2
863.3
863.4
863.5
863.6
863.7
863.8
863.9
864
864.1
864.2
864.3
864.4
864.5
864.6
864.7
864.8
864.9
865
865.1
865.2
865.3
865.4
865.5
865.6
865.7
865.8
865.9
866
866.1
866.2
866.3
866.4
866.5
866.6
866.7
866.8
866.9
867
867.1
867.2
867.3
867.4
867.5
867.6
867.7
867.8
867.9
868
868.1
868.2
868.3
868.4
868.5
868.6
868.7
868.8
868.9
869
869.1
869.2
869.3
869.4
869.5
869.6
869.7
869.8
869.9
870
870.1
870.2
870.3
870.4
870.5
870.6
870.7
870.8
870.9
871
871.1
871.2
871.3
871.4
871.5
871.6
871.7
871.8
871.9
872
872.1
872.2
872.3
872.4
872.5
872.6
872.7
872.8
872.9
873
873.1
873.2
873.3
873.4
873.5
873.6
873.7
873.8
873.9
874
874.1
874.2
874.3
874.4
874.5
874.6
874.7
874.8
874.9
875
875.1
875.2
875.3
875.4
875.5
875.6
875.7
875.8
875.9
876
876.1
876.2
876.3
876.4
876.5
876.6
876.7
876.8
876.9
877
877.1
877.2
877.3
877.4
877.5
877.6
877.7
877.8
877.9
878
878.1
878.2
878.3
878.4
878.5
878.6
878.7
878.8
878.9
879
879.1
879.2
879.3
879.4
879.5
879.6
879.7
879.8
879.9
880
880.1
880.2
880.3
880.4
880.5
880.6
880.7
880.8
880.9
881
881.1
881.2
881.3
881.4
881.5
881.6
881.7
881.8
881.9
882
882.1
882.2
882.3
882.4
882.5
882.6
882.7
882.8
882.9
883
883.1
883.2
883.3
883.4
883.5
883.6
883.7
883.8
883.9
884
884.1
884.2
884.3
884.4
884.5
884.6
884.7
884.8
884.9
885
885.1
885.2
885.3
885.4
885.5
885.6
885.7
885.8
885.9
886
886.1
886.2
886.3
886.4
886.5
886.6
886.7
886.8
886.9
887
887.1
887.2
887.3
887.4
887.5
887.6
887.7
887.8
887.9
888
888.1
888.2
888.3
888.4
888.5
888.6
888.7
888.8
888.9
889
889.1
889.2
889.3
889.4
889.5
889.6
889.7
889.8
889.9
890
890.1
890.2
890.3
890.4
890.5
890.6
890.7
890.8
890.9
891
891.1
891.2
891.3
891.4
891.5
891.6
891.7
891.8
891.9
892
892.1
892.2
892.3
892.4
892.5
892.6
892.7
892.8
892.9
893
893.1
893.2
893.3
893.4
893.5
893.6
893.7
893.8
893.9
894
894.1
894.2
894.3
894.4
894.5
894.6
894.7
894.8
894.9
895
895.1
895.2
895.3
895.4
895.5
895.6
895.7
895.8
895.9
896
896.1
896.2
896.3
896.4
896.5
896.6
896.7
896.8
896.9
897
897.1
897.2
897.3
897.4
897.5
897.6
897.7
897.8
897.9
898
898.1
898.2
898.3
898.4
898.5
898.6
898.7
898.8
898.9
899
899.1
899.2
899.3
899.4
899.5
899.6
899.7
899.8
899.9
900