4200
4200.1
4200.2
4200.3
4200.4
4200.5
4200.6
4200.7
4200.8
4200.9
4201
4201.1
4201.2
4201.3
4201.4
4201.5
4201.6
4201.7
4201.8
4201.9
4202
4202.1
4202.2
4202.3
4202.4
4202.5
4202.6
4202.7
4202.8
4202.9
4203
4203.1
4203.2
4203.3
4203.4
4203.5
4203.6
4203.7
4203.8
4203.9
4204
4204.1
4204.2
4204.3
4204.4
4204.5
4204.6
4204.7
4204.8
4204.9
4205
4205.1
4205.2
4205.3
4205.4
4205.5
4205.6
4205.7
4205.8
4205.9
4206
4206.1
4206.2
4206.3
4206.4
4206.5
4206.6
4206.7
4206.8
4206.9
4207
4207.1
4207.2
4207.3
4207.4
4207.5
4207.6
4207.7
4207.8
4207.9
4208
4208.1
4208.2
4208.3
4208.4
4208.5
4208.6
4208.7
4208.8
4208.9
4209
4209.1
4209.2
4209.3
4209.4
4209.5
4209.6
4209.7
4209.8
4209.9
4210
4210.1
4210.2
4210.3
4210.4
4210.5
4210.6
4210.7
4210.8
4210.9
4211
4211.1
4211.2
4211.3
4211.4
4211.5
4211.6
4211.7
4211.8
4211.9
4212
4212.1
4212.2
4212.3
4212.4
4212.5
4212.6
4212.7
4212.8
4212.9
4213
4213.1
4213.2
4213.3
4213.4
4213.5
4213.6
4213.7
4213.8
4213.9
4214
4214.1
4214.2
4214.3
4214.4
4214.5
4214.6
4214.7
4214.8
4214.9
4215
4215.1
4215.2
4215.3
4215.4
4215.5
4215.6
4215.7
4215.8
4215.9
4216
4216.1
4216.2
4216.3
4216.4
4216.5
4216.6
4216.7
4216.8
4216.9
4217
4217.1
4217.2
4217.3
4217.4
4217.5
4217.6
4217.7
4217.8
4217.9
4218
4218.1
4218.2
4218.3
4218.4
4218.5
4218.6
4218.7
4218.8
4218.9
4219
4219.1
4219.2
4219.3
4219.4
4219.5
4219.6
4219.7
4219.8
4219.9
4220
4220.1
4220.2
4220.3
4220.4
4220.5
4220.6
4220.7
4220.8
4220.9
4221
4221.1
4221.2
4221.3
4221.4
4221.5
4221.6
4221.7
4221.8
4221.9
4222
4222.1
4222.2
4222.3
4222.4
4222.5
4222.6
4222.7
4222.8
4222.9
4223
4223.1
4223.2
4223.3
4223.4
4223.5
4223.6
4223.7
4223.8
4223.9
4224
4224.1
4224.2
4224.3
4224.4
4224.5
4224.6
4224.7
4224.8
4224.9
4225
4225.1
4225.2
4225.3
4225.4
4225.5
4225.6
4225.7
4225.8
4225.9
4226
4226.1
4226.2
4226.3
4226.4
4226.5
4226.6
4226.7
4226.8
4226.9
4227
4227.1
4227.2
4227.3
4227.4
4227.5
4227.6
4227.7
4227.8
4227.9
4228
4228.1
4228.2
4228.3
4228.4
4228.5
4228.6
4228.7
4228.8
4228.9
4229
4229.1
4229.2
4229.3
4229.4
4229.5
4229.6
4229.7
4229.8
4229.9
4230
4230.1
4230.2
4230.3
4230.4
4230.5
4230.6
4230.7
4230.8
4230.9
4231
4231.1
4231.2
4231.3
4231.4
4231.5
4231.6
4231.7
4231.8
4231.9
4232
4232.1
4232.2
4232.3
4232.4
4232.5
4232.6
4232.7
4232.8
4232.9
4233
4233.1
4233.2
4233.3
4233.4
4233.5
4233.6
4233.7
4233.8
4233.9
4234
4234.1
4234.2
4234.3
4234.4
4234.5
4234.6
4234.7
4234.8
4234.9
4235
4235.1
4235.2
4235.3
4235.4
4235.5
4235.6
4235.7
4235.8
4235.9
4236
4236.1
4236.2
4236.3
4236.4
4236.5
4236.6
4236.7
4236.8
4236.9
4237
4237.1
4237.2
4237.3
4237.4
4237.5
4237.6
4237.7
4237.8
4237.9
4238
4238.1
4238.2
4238.3
4238.4
4238.5
4238.6
4238.7
4238.8
4238.9
4239
4239.1
4239.2
4239.3
4239.4
4239.5
4239.6
4239.7
4239.8
4239.9
4240
4240.1
4240.2
4240.3
4240.4
4240.5
4240.6
4240.7
4240.8
4240.9
4241
4241.1
4241.2
4241.3
4241.4
4241.5
4241.6
4241.7
4241.8
4241.9
4242
4242.1
4242.2
4242.3
4242.4
4242.5
4242.6
4242.7
4242.8
4242.9
4243
4243.1
4243.2
4243.3
4243.4
4243.5
4243.6
4243.7
4243.8
4243.9
4244
4244.1
4244.2
4244.3
4244.4
4244.5
4244.6
4244.7
4244.8
4244.9
4245
4245.1
4245.2
4245.3
4245.4
4245.5
4245.6
4245.7
4245.8
4245.9
4246
4246.1
4246.2
4246.3
4246.4
4246.5
4246.6
4246.7
4246.8
4246.9
4247
4247.1
4247.2
4247.3
4247.4
4247.5
4247.6
4247.7
4247.8
4247.9
4248
4248.1
4248.2
4248.3
4248.4
4248.5
4248.6
4248.7
4248.8
4248.9
4249
4249.1
4249.2
4249.3
4249.4
4249.5
4249.6
4249.7
4249.8
4249.9
4250
4250.1
4250.2
4250.3
4250.4
4250.5
4250.6
4250.7
4250.8
4250.9
4251
4251.1
4251.2
4251.3
4251.4
4251.5
4251.6
4251.7
4251.8
4251.9
4252
4252.1
4252.2
4252.3
4252.4
4252.5
4252.6
4252.7
4252.8
4252.9
4253
4253.1
4253.2
4253.3
4253.4
4253.5
4253.6
4253.7
4253.8
4253.9
4254
4254.1
4254.2
4254.3
4254.4
4254.5
4254.6
4254.7
4254.8
4254.9
4255
4255.1
4255.2
4255.3
4255.4
4255.5
4255.6
4255.7
4255.8
4255.9
4256
4256.1
4256.2
4256.3
4256.4
4256.5
4256.6
4256.7
4256.8
4256.9
4257
4257.1
4257.2
4257.3
4257.4
4257.5
4257.6
4257.7
4257.8
4257.9
4258
4258.1
4258.2
4258.3
4258.4
4258.5
4258.6
4258.7
4258.8
4258.9
4259
4259.1
4259.2
4259.3
4259.4
4259.5
4259.6
4259.7
4259.8
4259.9
4260
4260.1
4260.2
4260.3
4260.4
4260.5
4260.6
4260.7
4260.8
4260.9
4261
4261.1
4261.2
4261.3
4261.4
4261.5
4261.6
4261.7
4261.8
4261.9
4262
4262.1
4262.2
4262.3
4262.4
4262.5
4262.6
4262.7
4262.8
4262.9
4263
4263.1
4263.2
4263.3
4263.4
4263.5
4263.6
4263.7
4263.8
4263.9
4264
4264.1
4264.2
4264.3
4264.4
4264.5
4264.6
4264.7
4264.8
4264.9
4265
4265.1
4265.2
4265.3
4265.4
4265.5
4265.6
4265.7
4265.8
4265.9
4266
4266.1
4266.2
4266.3
4266.4
4266.5
4266.6
4266.7
4266.8
4266.9
4267
4267.1
4267.2
4267.3
4267.4
4267.5
4267.6
4267.7
4267.8
4267.9
4268
4268.1
4268.2
4268.3
4268.4
4268.5
4268.6
4268.7
4268.8
4268.9
4269
4269.1
4269.2
4269.3
4269.4
4269.5
4269.6
4269.7
4269.8
4269.9
4270
4270.1
4270.2
4270.3
4270.4
4270.5
4270.6
4270.7
4270.8
4270.9
4271
4271.1
4271.2
4271.3
4271.4
4271.5
4271.6
4271.7
4271.8
4271.9
4272
4272.1
4272.2
4272.3
4272.4
4272.5
4272.6
4272.7
4272.8
4272.9
4273
4273.1
4273.2
4273.3
4273.4
4273.5
4273.6
4273.7
4273.8
4273.9
4274
4274.1
4274.2
4274.3
4274.4
4274.5
4274.6
4274.7
4274.8
4274.9
4275
4275.1
4275.2
4275.3
4275.4
4275.5
4275.6
4275.7
4275.8
4275.9
4276
4276.1
4276.2
4276.3
4276.4
4276.5
4276.6
4276.7
4276.8
4276.9
4277
4277.1
4277.2
4277.3
4277.4
4277.5
4277.6
4277.7
4277.8
4277.9
4278
4278.1
4278.2
4278.3
4278.4
4278.5
4278.6
4278.7
4278.8
4278.9
4279
4279.1
4279.2
4279.3
4279.4
4279.5
4279.6
4279.7
4279.8
4279.9
4280
4280.1
4280.2
4280.3
4280.4
4280.5
4280.6
4280.7
4280.8
4280.9
4281
4281.1
4281.2
4281.3
4281.4
4281.5
4281.6
4281.7
4281.8
4281.9
4282
4282.1
4282.2
4282.3
4282.4
4282.5
4282.6
4282.7
4282.8
4282.9
4283
4283.1
4283.2
4283.3
4283.4
4283.5
4283.6
4283.7
4283.8
4283.9
4284
4284.1
4284.2
4284.3
4284.4
4284.5
4284.6
4284.7
4284.8
4284.9
4285
4285.1
4285.2
4285.3
4285.4
4285.5
4285.6
4285.7
4285.8
4285.9
4286
4286.1
4286.2
4286.3
4286.4
4286.5
4286.6
4286.7
4286.8
4286.9
4287
4287.1
4287.2
4287.3
4287.4
4287.5
4287.6
4287.7
4287.8
4287.9
4288
4288.1
4288.2
4288.3
4288.4
4288.5
4288.6
4288.7
4288.8
4288.9
4289
4289.1
4289.2
4289.3
4289.4
4289.5
4289.6
4289.7
4289.8
4289.9
4290
4290.1
4290.2
4290.3
4290.4
4290.5
4290.6
4290.7
4290.8
4290.9
4291
4291.1
4291.2
4291.3
4291.4
4291.5
4291.6
4291.7
4291.8
4291.9
4292
4292.1
4292.2
4292.3
4292.4
4292.5
4292.6
4292.7
4292.8
4292.9
4293
4293.1
4293.2
4293.3
4293.4
4293.5
4293.6
4293.7
4293.8
4293.9
4294
4294.1
4294.2
4294.3
4294.4
4294.5
4294.6
4294.7
4294.8
4294.9
4295
4295.1
4295.2
4295.3
4295.4
4295.5
4295.6
4295.7
4295.8
4295.9
4296
4296.1
4296.2
4296.3
4296.4
4296.5
4296.6
4296.7
4296.8
4296.9
4297
4297.1
4297.2
4297.3
4297.4
4297.5
4297.6
4297.7
4297.8
4297.9
4298
4298.1
4298.2
4298.3
4298.4
4298.5
4298.6
4298.7
4298.8
4298.9
4299
4299.1
4299.2
4299.3
4299.4
4299.5
4299.6
4299.7
4299.8
4299.9
4300
4300.1
4300.2
4300.3
4300.4
4300.5
4300.6
4300.7
4300.8
4300.9
4301
4301.1
4301.2
4301.3
4301.4
4301.5
4301.6
4301.7
4301.8
4301.9
4302
4302.1
4302.2
4302.3
4302.4
4302.5
4302.6
4302.7
4302.8
4302.9
4303
4303.1
4303.2
4303.3
4303.4
4303.5
4303.6
4303.7
4303.8
4303.9
4304
4304.1
4304.2
4304.3
4304.4
4304.5
4304.6
4304.7
4304.8
4304.9
4305
4305.1
4305.2
4305.3
4305.4
4305.5
4305.6
4305.7
4305.8
4305.9
4306
4306.1
4306.2
4306.3
4306.4
4306.5
4306.6
4306.7
4306.8
4306.9
4307
4307.1
4307.2
4307.3
4307.4
4307.5
4307.6
4307.7
4307.8
4307.9
4308
4308.1
4308.2
4308.3
4308.4
4308.5
4308.6
4308.7
4308.8
4308.9
4309
4309.1
4309.2
4309.3
4309.4
4309.5
4309.6
4309.7
4309.8
4309.9
4310
4310.1
4310.2
4310.3
4310.4
4310.5
4310.6
4310.7
4310.8
4310.9
4311
4311.1
4311.2
4311.3
4311.4
4311.5
4311.6
4311.7
4311.8
4311.9
4312
4312.1
4312.2
4312.3
4312.4
4312.5
4312.6
4312.7
4312.8
4312.9
4313
4313.1
4313.2
4313.3
4313.4
4313.5
4313.6
4313.7
4313.8
4313.9
4314
4314.1
4314.2
4314.3
4314.4
4314.5
4314.6
4314.7
4314.8
4314.9
4315
4315.1
4315.2
4315.3
4315.4
4315.5
4315.6
4315.7
4315.8
4315.9
4316
4316.1
4316.2
4316.3
4316.4
4316.5
4316.6
4316.7
4316.8
4316.9
4317
4317.1
4317.2
4317.3
4317.4
4317.5
4317.6
4317.7
4317.8
4317.9
4318
4318.1
4318.2
4318.3
4318.4
4318.5
4318.6
4318.7
4318.8
4318.9
4319
4319.1
4319.2
4319.3
4319.4
4319.5
4319.6
4319.7
4319.8
4319.9
4320
4320.1
4320.2
4320.3
4320.4
4320.5
4320.6
4320.7
4320.8
4320.9
4321
4321.1
4321.2
4321.3
4321.4
4321.5
4321.6
4321.7
4321.8
4321.9
4322
4322.1
4322.2
4322.3
4322.4
4322.5
4322.6
4322.7
4322.8
4322.9
4323
4323.1
4323.2
4323.3
4323.4
4323.5
4323.6
4323.7
4323.8
4323.9
4324
4324.1
4324.2
4324.3
4324.4
4324.5
4324.6
4324.7
4324.8
4324.9
4325
4325.1
4325.2
4325.3
4325.4
4325.5
4325.6
4325.7
4325.8
4325.9
4326
4326.1
4326.2
4326.3
4326.4
4326.5
4326.6
4326.7
4326.8
4326.9
4327
4327.1
4327.2
4327.3
4327.4
4327.5
4327.6
4327.7
4327.8
4327.9
4328
4328.1
4328.2
4328.3
4328.4
4328.5
4328.6
4328.7
4328.8
4328.9
4329
4329.1
4329.2
4329.3
4329.4
4329.5
4329.6
4329.7
4329.8
4329.9
4330
4330.1
4330.2
4330.3
4330.4
4330.5
4330.6
4330.7
4330.8
4330.9
4331
4331.1
4331.2
4331.3
4331.4
4331.5
4331.6
4331.7
4331.8
4331.9
4332
4332.1
4332.2
4332.3
4332.4
4332.5
4332.6
4332.7
4332.8
4332.9
4333
4333.1
4333.2
4333.3
4333.4
4333.5
4333.6
4333.7
4333.8
4333.9
4334
4334.1
4334.2
4334.3
4334.4
4334.5
4334.6
4334.7
4334.8
4334.9
4335
4335.1
4335.2
4335.3
4335.4
4335.5
4335.6
4335.7
4335.8
4335.9
4336
4336.1
4336.2
4336.3
4336.4
4336.5
4336.6
4336.7
4336.8
4336.9
4337
4337.1
4337.2
4337.3
4337.4
4337.5
4337.6
4337.7
4337.8
4337.9
4338
4338.1
4338.2
4338.3
4338.4
4338.5
4338.6
4338.7
4338.8
4338.9
4339
4339.1
4339.2
4339.3
4339.4
4339.5
4339.6
4339.7
4339.8
4339.9
4340
4340.1
4340.2
4340.3
4340.4
4340.5
4340.6
4340.7
4340.8
4340.9
4341
4341.1
4341.2
4341.3
4341.4
4341.5
4341.6
4341.7
4341.8
4341.9
4342
4342.1
4342.2
4342.3
4342.4
4342.5
4342.6
4342.7
4342.8
4342.9
4343
4343.1
4343.2
4343.3
4343.4
4343.5
4343.6
4343.7
4343.8
4343.9
4344
4344.1
4344.2
4344.3
4344.4
4344.5
4344.6
4344.7
4344.8
4344.9
4345
4345.1
4345.2
4345.3
4345.4
4345.5
4345.6
4345.7
4345.8
4345.9
4346
4346.1
4346.2
4346.3
4346.4
4346.5
4346.6
4346.7
4346.8
4346.9
4347
4347.1
4347.2
4347.3
4347.4
4347.5
4347.6
4347.7
4347.8
4347.9
4348
4348.1
4348.2
4348.3
4348.4
4348.5
4348.6
4348.7
4348.8
4348.9
4349
4349.1
4349.2
4349.3
4349.4
4349.5
4349.6
4349.7
4349.8
4349.9
4350
4350.1
4350.2
4350.3
4350.4
4350.5
4350.6
4350.7
4350.8
4350.9
4351
4351.1
4351.2
4351.3
4351.4
4351.5
4351.6
4351.7
4351.8
4351.9
4352
4352.1
4352.2
4352.3
4352.4
4352.5
4352.6
4352.7
4352.8
4352.9
4353
4353.1
4353.2
4353.3
4353.4
4353.5
4353.6
4353.7
4353.8
4353.9
4354
4354.1
4354.2
4354.3
4354.4
4354.5
4354.6
4354.7
4354.8
4354.9
4355
4355.1
4355.2
4355.3
4355.4
4355.5
4355.6
4355.7
4355.8
4355.9
4356
4356.1
4356.2
4356.3
4356.4
4356.5
4356.6
4356.7
4356.8
4356.9
4357
4357.1
4357.2
4357.3
4357.4
4357.5
4357.6
4357.7
4357.8
4357.9
4358
4358.1
4358.2
4358.3
4358.4
4358.5
4358.6
4358.7
4358.8
4358.9
4359
4359.1
4359.2
4359.3
4359.4
4359.5
4359.6
4359.7
4359.8
4359.9
4360
4360.1
4360.2
4360.3
4360.4
4360.5
4360.6
4360.7
4360.8
4360.9
4361
4361.1
4361.2
4361.3
4361.4
4361.5
4361.6
4361.7
4361.8
4361.9
4362
4362.1
4362.2
4362.3
4362.4
4362.5
4362.6
4362.7
4362.8
4362.9
4363
4363.1
4363.2
4363.3
4363.4
4363.5
4363.6
4363.7
4363.8
4363.9
4364
4364.1
4364.2
4364.3
4364.4
4364.5
4364.6
4364.7
4364.8
4364.9
4365
4365.1
4365.2
4365.3
4365.4
4365.5
4365.6
4365.7
4365.8
4365.9
4366
4366.1
4366.2
4366.3
4366.4
4366.5
4366.6
4366.7
4366.8
4366.9
4367
4367.1
4367.2
4367.3
4367.4
4367.5
4367.6
4367.7
4367.8
4367.9
4368
4368.1
4368.2
4368.3
4368.4
4368.5
4368.6
4368.7
4368.8
4368.9
4369
4369.1
4369.2
4369.3
4369.4
4369.5
4369.6
4369.7
4369.8
4369.9
4370
4370.1
4370.2
4370.3
4370.4
4370.5
4370.6
4370.7
4370.8
4370.9
4371
4371.1
4371.2
4371.3
4371.4
4371.5
4371.6
4371.7
4371.8
4371.9
4372
4372.1
4372.2
4372.3
4372.4
4372.5
4372.6
4372.7
4372.8
4372.9
4373
4373.1
4373.2
4373.3
4373.4
4373.5
4373.6
4373.7
4373.8
4373.9
4374
4374.1
4374.2
4374.3
4374.4
4374.5
4374.6
4374.7
4374.8
4374.9
4375
4375.1
4375.2
4375.3
4375.4
4375.5
4375.6
4375.7
4375.8
4375.9
4376
4376.1
4376.2
4376.3
4376.4
4376.5
4376.6
4376.7
4376.8
4376.9
4377
4377.1
4377.2
4377.3
4377.4
4377.5
4377.6
4377.7
4377.8
4377.9
4378
4378.1
4378.2
4378.3
4378.4
4378.5
4378.6
4378.7
4378.8
4378.9
4379
4379.1
4379.2
4379.3
4379.4
4379.5
4379.6
4379.7
4379.8
4379.9
4380
4380.1
4380.2
4380.3
4380.4
4380.5
4380.6
4380.7
4380.8
4380.9
4381
4381.1
4381.2
4381.3
4381.4
4381.5
4381.6
4381.7
4381.8
4381.9
4382
4382.1
4382.2
4382.3
4382.4
4382.5
4382.6
4382.7
4382.8
4382.9
4383
4383.1
4383.2
4383.3
4383.4
4383.5
4383.6
4383.7
4383.8
4383.9
4384
4384.1
4384.2
4384.3
4384.4
4384.5
4384.6
4384.7
4384.8
4384.9
4385
4385.1
4385.2
4385.3
4385.4
4385.5
4385.6
4385.7
4385.8
4385.9
4386
4386.1
4386.2
4386.3
4386.4
4386.5
4386.6
4386.7
4386.8
4386.9
4387
4387.1
4387.2
4387.3
4387.4
4387.5
4387.6
4387.7
4387.8
4387.9
4388
4388.1
4388.2
4388.3
4388.4
4388.5
4388.6
4388.7
4388.8
4388.9
4389
4389.1
4389.2
4389.3
4389.4
4389.5
4389.6
4389.7
4389.8
4389.9
4390
4390.1
4390.2
4390.3
4390.4
4390.5
4390.6
4390.7
4390.8
4390.9
4391
4391.1
4391.2
4391.3
4391.4
4391.5
4391.6
4391.7
4391.8
4391.9
4392
4392.1
4392.2
4392.3
4392.4
4392.5
4392.6
4392.7
4392.8
4392.9
4393
4393.1
4393.2
4393.3
4393.4
4393.5
4393.6
4393.7
4393.8
4393.9
4394
4394.1
4394.2
4394.3
4394.4
4394.5
4394.6
4394.7
4394.8
4394.9
4395
4395.1
4395.2
4395.3
4395.4
4395.5
4395.6
4395.7
4395.8
4395.9
4396
4396.1
4396.2
4396.3
4396.4
4396.5
4396.6
4396.7
4396.8
4396.9
4397
4397.1
4397.2
4397.3
4397.4
4397.5
4397.6
4397.7
4397.8
4397.9
4398
4398.1
4398.2
4398.3
4398.4
4398.5
4398.6
4398.7
4398.8
4398.9
4399
4399.1
4399.2
4399.3
4399.4
4399.5
4399.6
4399.7
4399.8
4399.9
4400
4400.1
4400.2
4400.3
4400.4
4400.5
4400.6
4400.7
4400.8
4400.9
4401
4401.1
4401.2
4401.3
4401.4
4401.5
4401.6
4401.7
4401.8
4401.9
4402
4402.1
4402.2
4402.3
4402.4
4402.5
4402.6
4402.7
4402.8
4402.9
4403
4403.1
4403.2
4403.3
4403.4
4403.5
4403.6
4403.7
4403.8
4403.9
4404
4404.1
4404.2
4404.3
4404.4
4404.5
4404.6
4404.7
4404.8
4404.9
4405
4405.1
4405.2
4405.3
4405.4
4405.5
4405.6
4405.7
4405.8
4405.9
4406
4406.1
4406.2
4406.3
4406.4
4406.5
4406.6
4406.7
4406.8
4406.9
4407
4407.1
4407.2
4407.3
4407.4
4407.5
4407.6
4407.7
4407.8
4407.9
4408
4408.1
4408.2
4408.3
4408.4
4408.5
4408.6
4408.7
4408.8
4408.9
4409
4409.1
4409.2
4409.3
4409.4
4409.5
4409.6
4409.7
4409.8
4409.9
4410
4410.1
4410.2
4410.3
4410.4
4410.5
4410.6
4410.7
4410.8
4410.9
4411
4411.1
4411.2
4411.3
4411.4
4411.5
4411.6
4411.7
4411.8
4411.9
4412
4412.1
4412.2
4412.3
4412.4
4412.5
4412.6
4412.7
4412.8
4412.9
4413
4413.1
4413.2
4413.3
4413.4
4413.5
4413.6
4413.7
4413.8
4413.9
4414
4414.1
4414.2
4414.3
4414.4
4414.5
4414.6
4414.7
4414.8
4414.9
4415
4415.1
4415.2
4415.3
4415.4
4415.5
4415.6
4415.7
4415.8
4415.9
4416
4416.1
4416.2
4416.3
4416.4
4416.5
4416.6
4416.7
4416.8
4416.9
4417
4417.1
4417.2
4417.3
4417.4
4417.5
4417.6
4417.7
4417.8
4417.9
4418
4418.1
4418.2
4418.3
4418.4
4418.5
4418.6
4418.7
4418.8
4418.9
4419
4419.1
4419.2
4419.3
4419.4
4419.5
4419.6
4419.7
4419.8
4419.9
4420
4420.1
4420.2
4420.3
4420.4
4420.5
4420.6
4420.7
4420.8
4420.9
4421
4421.1
4421.2
4421.3
4421.4
4421.5
4421.6
4421.7
4421.8
4421.9
4422
4422.1
4422.2
4422.3
4422.4
4422.5
4422.6
4422.7
4422.8
4422.9
4423
4423.1
4423.2
4423.3
4423.4
4423.5
4423.6
4423.7
4423.8
4423.9
4424
4424.1
4424.2
4424.3
4424.4
4424.5
4424.6
4424.7
4424.8
4424.9
4425
4425.1
4425.2
4425.3
4425.4
4425.5
4425.6
4425.7
4425.8
4425.9
4426
4426.1
4426.2
4426.3
4426.4
4426.5
4426.6
4426.7
4426.8
4426.9
4427
4427.1
4427.2
4427.3
4427.4
4427.5
4427.6
4427.7
4427.8
4427.9
4428
4428.1
4428.2
4428.3
4428.4
4428.5
4428.6
4428.7
4428.8
4428.9
4429
4429.1
4429.2
4429.3
4429.4
4429.5
4429.6
4429.7
4429.8
4429.9
4430
4430.1
4430.2
4430.3
4430.4
4430.5
4430.6
4430.7
4430.8
4430.9
4431
4431.1
4431.2
4431.3
4431.4
4431.5
4431.6
4431.7
4431.8
4431.9
4432
4432.1
4432.2
4432.3
4432.4
4432.5
4432.6
4432.7
4432.8
4432.9
4433
4433.1
4433.2
4433.3
4433.4
4433.5
4433.6
4433.7
4433.8
4433.9
4434
4434.1
4434.2
4434.3
4434.4
4434.5
4434.6
4434.7
4434.8
4434.9
4435
4435.1
4435.2
4435.3
4435.4
4435.5
4435.6
4435.7
4435.8
4435.9
4436
4436.1
4436.2
4436.3
4436.4
4436.5
4436.6
4436.7
4436.8
4436.9
4437
4437.1
4437.2
4437.3
4437.4
4437.5
4437.6
4437.7
4437.8
4437.9
4438
4438.1
4438.2
4438.3
4438.4
4438.5
4438.6
4438.7
4438.8
4438.9
4439
4439.1
4439.2
4439.3
4439.4
4439.5
4439.6
4439.7
4439.8
4439.9
4440
4440.1
4440.2
4440.3
4440.4
4440.5
4440.6
4440.7
4440.8
4440.9
4441
4441.1
4441.2
4441.3
4441.4
4441.5
4441.6
4441.7
4441.8
4441.9
4442
4442.1
4442.2
4442.3
4442.4
4442.5
4442.6
4442.7
4442.8
4442.9
4443
4443.1
4443.2
4443.3
4443.4
4443.5
4443.6
4443.7
4443.8
4443.9
4444
4444.1
4444.2
4444.3
4444.4
4444.5
4444.6
4444.7
4444.8
4444.9
4445
4445.1
4445.2
4445.3
4445.4
4445.5
4445.6
4445.7
4445.8
4445.9
4446
4446.1
4446.2
4446.3
4446.4
4446.5
4446.6
4446.7
4446.8
4446.9
4447
4447.1
4447.2
4447.3
4447.4
4447.5
4447.6
4447.7
4447.8
4447.9
4448
4448.1
4448.2
4448.3
4448.4
4448.5
4448.6
4448.7
4448.8
4448.9
4449
4449.1
4449.2
4449.3
4449.4
4449.5
4449.6
4449.7
4449.8
4449.9
4450
4450.1
4450.2
4450.3
4450.4
4450.5
4450.6
4450.7
4450.8
4450.9
4451
4451.1
4451.2
4451.3
4451.4
4451.5
4451.6
4451.7
4451.8
4451.9
4452
4452.1
4452.2
4452.3
4452.4
4452.5
4452.6
4452.7
4452.8
4452.9
4453
4453.1
4453.2
4453.3
4453.4
4453.5
4453.6
4453.7
4453.8
4453.9
4454
4454.1
4454.2
4454.3
4454.4
4454.5
4454.6
4454.7
4454.8
4454.9
4455
4455.1
4455.2
4455.3
4455.4
4455.5
4455.6
4455.7
4455.8
4455.9
4456
4456.1
4456.2
4456.3
4456.4
4456.5
4456.6
4456.7
4456.8
4456.9
4457
4457.1
4457.2
4457.3
4457.4
4457.5
4457.6
4457.7
4457.8
4457.9
4458
4458.1
4458.2
4458.3
4458.4
4458.5
4458.6
4458.7
4458.8
4458.9
4459
4459.1
4459.2
4459.3
4459.4
4459.5
4459.6
4459.7
4459.8
4459.9
4460
4460.1
4460.2
4460.3
4460.4
4460.5
4460.6
4460.7
4460.8
4460.9
4461
4461.1
4461.2
4461.3
4461.4
4461.5
4461.6
4461.7
4461.8
4461.9
4462
4462.1
4462.2
4462.3
4462.4
4462.5
4462.6
4462.7
4462.8
4462.9
4463
4463.1
4463.2
4463.3
4463.4
4463.5
4463.6
4463.7
4463.8
4463.9
4464
4464.1
4464.2
4464.3
4464.4
4464.5
4464.6
4464.7
4464.8
4464.9
4465
4465.1
4465.2
4465.3
4465.4
4465.5
4465.6
4465.7
4465.8
4465.9
4466
4466.1
4466.2
4466.3
4466.4
4466.5
4466.6
4466.7
4466.8
4466.9
4467
4467.1
4467.2
4467.3
4467.4
4467.5
4467.6
4467.7
4467.8
4467.9
4468
4468.1
4468.2
4468.3
4468.4
4468.5
4468.6
4468.7
4468.8
4468.9
4469
4469.1
4469.2
4469.3
4469.4
4469.5
4469.6
4469.7
4469.8
4469.9
4470
4470.1
4470.2
4470.3
4470.4
4470.5
4470.6
4470.7
4470.8
4470.9
4471
4471.1
4471.2
4471.3
4471.4
4471.5
4471.6
4471.7
4471.8
4471.9
4472
4472.1
4472.2
4472.3
4472.4
4472.5
4472.6
4472.7
4472.8
4472.9
4473
4473.1
4473.2
4473.3
4473.4
4473.5
4473.6
4473.7
4473.8
4473.9
4474
4474.1
4474.2
4474.3
4474.4
4474.5
4474.6
4474.7
4474.8
4474.9
4475
4475.1
4475.2
4475.3
4475.4
4475.5
4475.6
4475.7
4475.8
4475.9
4476
4476.1
4476.2
4476.3
4476.4
4476.5
4476.6
4476.7
4476.8
4476.9
4477
4477.1
4477.2
4477.3
4477.4
4477.5
4477.6
4477.7
4477.8
4477.9
4478
4478.1
4478.2
4478.3
4478.4
4478.5
4478.6
4478.7
4478.8
4478.9
4479
4479.1
4479.2
4479.3
4479.4
4479.5
4479.6
4479.7
4479.8
4479.9
4480
4480.1
4480.2
4480.3
4480.4
4480.5
4480.6
4480.7
4480.8
4480.9
4481
4481.1
4481.2
4481.3
4481.4
4481.5
4481.6
4481.7
4481.8
4481.9
4482
4482.1
4482.2
4482.3
4482.4
4482.5
4482.6
4482.7
4482.8
4482.9
4483
4483.1
4483.2
4483.3
4483.4
4483.5
4483.6
4483.7
4483.8
4483.9
4484
4484.1
4484.2
4484.3
4484.4
4484.5
4484.6
4484.7
4484.8
4484.9
4485
4485.1
4485.2
4485.3
4485.4
4485.5
4485.6
4485.7
4485.8
4485.9
4486
4486.1
4486.2
4486.3
4486.4
4486.5
4486.6
4486.7
4486.8
4486.9
4487
4487.1
4487.2
4487.3
4487.4
4487.5
4487.6
4487.7
4487.8
4487.9
4488
4488.1
4488.2
4488.3
4488.4
4488.5
4488.6
4488.7
4488.8
4488.9
4489
4489.1
4489.2
4489.3
4489.4
4489.5
4489.6
4489.7
4489.8
4489.9
4490
4490.1
4490.2
4490.3
4490.4
4490.5
4490.6
4490.7
4490.8
4490.9
4491
4491.1
4491.2
4491.3
4491.4
4491.5
4491.6
4491.7
4491.8
4491.9
4492
4492.1
4492.2
4492.3
4492.4
4492.5
4492.6
4492.7
4492.8
4492.9
4493
4493.1
4493.2
4493.3
4493.4
4493.5
4493.6
4493.7
4493.8
4493.9
4494
4494.1
4494.2
4494.3
4494.4
4494.5
4494.6
4494.7
4494.8
4494.9
4495
4495.1
4495.2
4495.3
4495.4
4495.5
4495.6
4495.7
4495.8
4495.9
4496
4496.1
4496.2
4496.3
4496.4
4496.5
4496.6
4496.7
4496.8
4496.9
4497
4497.1
4497.2
4497.3
4497.4
4497.5
4497.6
4497.7
4497.8
4497.9
4498
4498.1
4498.2
4498.3
4498.4
4498.5
4498.6
4498.7
4498.8
4498.9
4499
4499.1
4499.2
4499.3
4499.4
4499.5
4499.6
4499.7
4499.8
4499.9
4500
4500.1
4500.2
4500.3
4500.4
4500.5
4500.6
4500.7
4500.8
4500.9
4501
4501.1
4501.2
4501.3
4501.4
4501.5
4501.6
4501.7
4501.8
4501.9
4502
4502.1
4502.2
4502.3
4502.4
4502.5
4502.6
4502.7
4502.8
4502.9
4503
4503.1
4503.2
4503.3
4503.4
4503.5
4503.6
4503.7
4503.8
4503.9
4504
4504.1
4504.2
4504.3
4504.4
4504.5
4504.6
4504.7
4504.8
4504.9
4505
4505.1
4505.2
4505.3
4505.4
4505.5
4505.6
4505.7
4505.8
4505.9
4506
4506.1
4506.2
4506.3
4506.4
4506.5
4506.6
4506.7
4506.8
4506.9
4507
4507.1
4507.2
4507.3
4507.4
4507.5
4507.6
4507.7
4507.8
4507.9
4508
4508.1
4508.2
4508.3
4508.4
4508.5
4508.6
4508.7
4508.8
4508.9
4509
4509.1
4509.2
4509.3
4509.4
4509.5
4509.6
4509.7
4509.8
4509.9
4510
4510.1
4510.2
4510.3
4510.4
4510.5
4510.6
4510.7
4510.8
4510.9
4511
4511.1
4511.2
4511.3
4511.4
4511.5
4511.6
4511.7
4511.8
4511.9
4512
4512.1
4512.2
4512.3
4512.4
4512.5
4512.6
4512.7
4512.8
4512.9
4513
4513.1
4513.2
4513.3
4513.4
4513.5
4513.6
4513.7
4513.8
4513.9
4514
4514.1
4514.2
4514.3
4514.4
4514.5
4514.6
4514.7
4514.8
4514.9
4515
4515.1
4515.2
4515.3
4515.4
4515.5
4515.6
4515.7
4515.8
4515.9
4516
4516.1
4516.2
4516.3
4516.4
4516.5
4516.6
4516.7
4516.8
4516.9
4517
4517.1
4517.2
4517.3
4517.4
4517.5
4517.6
4517.7
4517.8
4517.9
4518
4518.1
4518.2
4518.3
4518.4
4518.5
4518.6
4518.7
4518.8
4518.9
4519
4519.1
4519.2
4519.3
4519.4
4519.5
4519.6
4519.7
4519.8
4519.9
4520
4520.1
4520.2
4520.3
4520.4
4520.5
4520.6
4520.7
4520.8
4520.9
4521
4521.1
4521.2
4521.3
4521.4
4521.5
4521.6
4521.7
4521.8
4521.9
4522
4522.1
4522.2
4522.3
4522.4
4522.5
4522.6
4522.7
4522.8
4522.9
4523
4523.1
4523.2
4523.3
4523.4
4523.5
4523.6
4523.7
4523.8
4523.9
4524
4524.1
4524.2
4524.3
4524.4
4524.5
4524.6
4524.7
4524.8
4524.9
4525
4525.1
4525.2
4525.3
4525.4
4525.5
4525.6
4525.7
4525.8
4525.9
4526
4526.1
4526.2
4526.3
4526.4
4526.5
4526.6
4526.7
4526.8
4526.9
4527
4527.1
4527.2
4527.3
4527.4
4527.5
4527.6
4527.7
4527.8
4527.9
4528
4528.1
4528.2
4528.3
4528.4
4528.5
4528.6
4528.7
4528.8
4528.9
4529
4529.1
4529.2
4529.3
4529.4
4529.5
4529.6
4529.7
4529.8
4529.9
4530
4530.1
4530.2
4530.3
4530.4
4530.5
4530.6
4530.7
4530.8
4530.9
4531
4531.1
4531.2
4531.3
4531.4
4531.5
4531.6
4531.7
4531.8
4531.9
4532
4532.1
4532.2
4532.3
4532.4
4532.5
4532.6
4532.7
4532.8
4532.9
4533
4533.1
4533.2
4533.3
4533.4
4533.5
4533.6
4533.7
4533.8
4533.9
4534
4534.1
4534.2
4534.3
4534.4
4534.5
4534.6
4534.7
4534.8
4534.9
4535
4535.1
4535.2
4535.3
4535.4
4535.5
4535.6
4535.7
4535.8
4535.9
4536
4536.1
4536.2
4536.3
4536.4
4536.5
4536.6
4536.7
4536.8
4536.9
4537
4537.1
4537.2
4537.3
4537.4
4537.5
4537.6
4537.7
4537.8
4537.9
4538
4538.1
4538.2
4538.3
4538.4
4538.5
4538.6
4538.7
4538.8
4538.9
4539
4539.1
4539.2
4539.3
4539.4
4539.5
4539.6
4539.7
4539.8
4539.9
4540
4540.1
4540.2
4540.3
4540.4
4540.5
4540.6
4540.7
4540.8
4540.9
4541
4541.1
4541.2
4541.3
4541.4
4541.5
4541.6
4541.7
4541.8
4541.9
4542
4542.1
4542.2
4542.3
4542.4
4542.5
4542.6
4542.7
4542.8
4542.9
4543
4543.1
4543.2
4543.3
4543.4
4543.5
4543.6
4543.7
4543.8
4543.9
4544
4544.1
4544.2
4544.3
4544.4
4544.5
4544.6
4544.7
4544.8
4544.9
4545
4545.1
4545.2
4545.3
4545.4
4545.5
4545.6
4545.7
4545.8
4545.9
4546
4546.1
4546.2
4546.3
4546.4
4546.5
4546.6
4546.7
4546.8
4546.9
4547
4547.1
4547.2
4547.3
4547.4
4547.5
4547.6
4547.7
4547.8
4547.9
4548
4548.1
4548.2
4548.3
4548.4
4548.5
4548.6
4548.7
4548.8
4548.9
4549
4549.1
4549.2
4549.3
4549.4
4549.5
4549.6
4549.7
4549.8
4549.9
4550
4550.1
4550.2
4550.3
4550.4
4550.5
4550.6
4550.7
4550.8
4550.9
4551
4551.1
4551.2
4551.3
4551.4
4551.5
4551.6
4551.7
4551.8
4551.9
4552
4552.1
4552.2
4552.3
4552.4
4552.5
4552.6
4552.7
4552.8
4552.9
4553
4553.1
4553.2
4553.3
4553.4
4553.5
4553.6
4553.7
4553.8
4553.9
4554
4554.1
4554.2
4554.3
4554.4
4554.5
4554.6
4554.7
4554.8
4554.9
4555
4555.1
4555.2
4555.3
4555.4
4555.5
4555.6
4555.7
4555.8
4555.9
4556
4556.1
4556.2
4556.3
4556.4
4556.5
4556.6
4556.7
4556.8
4556.9
4557
4557.1
4557.2
4557.3
4557.4
4557.5
4557.6
4557.7
4557.8
4557.9
4558
4558.1
4558.2
4558.3
4558.4
4558.5
4558.6
4558.7
4558.8
4558.9
4559
4559.1
4559.2
4559.3
4559.4
4559.5
4559.6
4559.7
4559.8
4559.9
4560
4560.1
4560.2
4560.3
4560.4
4560.5
4560.6
4560.7
4560.8
4560.9
4561
4561.1
4561.2
4561.3
4561.4
4561.5
4561.6
4561.7
4561.8
4561.9
4562
4562.1
4562.2
4562.3
4562.4
4562.5
4562.6
4562.7
4562.8
4562.9
4563
4563.1
4563.2
4563.3
4563.4
4563.5
4563.6
4563.7
4563.8
4563.9
4564
4564.1
4564.2
4564.3
4564.4
4564.5
4564.6
4564.7
4564.8
4564.9
4565
4565.1
4565.2
4565.3
4565.4
4565.5
4565.6
4565.7
4565.8
4565.9
4566
4566.1
4566.2
4566.3
4566.4
4566.5
4566.6
4566.7
4566.8
4566.9
4567
4567.1
4567.2
4567.3
4567.4
4567.5
4567.6
4567.7
4567.8
4567.9
4568
4568.1
4568.2
4568.3
4568.4
4568.5
4568.6
4568.7
4568.8
4568.9
4569
4569.1
4569.2
4569.3
4569.4
4569.5
4569.6
4569.7
4569.8
4569.9
4570
4570.1
4570.2
4570.3
4570.4
4570.5
4570.6
4570.7
4570.8
4570.9
4571
4571.1
4571.2
4571.3
4571.4
4571.5
4571.6
4571.7
4571.8
4571.9
4572
4572.1
4572.2
4572.3
4572.4
4572.5
4572.6
4572.7
4572.8
4572.9
4573
4573.1
4573.2
4573.3
4573.4
4573.5
4573.6
4573.7
4573.8
4573.9
4574
4574.1
4574.2
4574.3
4574.4
4574.5
4574.6
4574.7
4574.8
4574.9
4575
4575.1
4575.2
4575.3
4575.4
4575.5
4575.6
4575.7
4575.8
4575.9
4576
4576.1
4576.2
4576.3
4576.4
4576.5
4576.6
4576.7
4576.8
4576.9
4577
4577.1
4577.2
4577.3
4577.4
4577.5
4577.6
4577.7
4577.8
4577.9
4578
4578.1
4578.2
4578.3
4578.4
4578.5
4578.6
4578.7
4578.8
4578.9
4579
4579.1
4579.2
4579.3
4579.4
4579.5
4579.6
4579.7
4579.8
4579.9
4580
4580.1
4580.2
4580.3
4580.4
4580.5
4580.6
4580.7
4580.8
4580.9
4581
4581.1
4581.2
4581.3
4581.4
4581.5
4581.6
4581.7
4581.8
4581.9
4582
4582.1
4582.2
4582.3
4582.4
4582.5
4582.6
4582.7
4582.8
4582.9
4583
4583.1
4583.2
4583.3
4583.4
4583.5
4583.6
4583.7
4583.8
4583.9
4584
4584.1
4584.2
4584.3
4584.4
4584.5
4584.6
4584.7
4584.8
4584.9
4585
4585.1
4585.2
4585.3
4585.4
4585.5
4585.6
4585.7
4585.8
4585.9
4586
4586.1
4586.2
4586.3
4586.4
4586.5
4586.6
4586.7
4586.8
4586.9
4587
4587.1
4587.2
4587.3
4587.4
4587.5
4587.6
4587.7
4587.8
4587.9
4588
4588.1
4588.2
4588.3
4588.4
4588.5
4588.6
4588.7
4588.8
4588.9
4589
4589.1
4589.2
4589.3
4589.4
4589.5
4589.6
4589.7
4589.8
4589.9
4590
4590.1
4590.2
4590.3
4590.4
4590.5
4590.6
4590.7
4590.8
4590.9
4591
4591.1
4591.2
4591.3
4591.4
4591.5
4591.6
4591.7
4591.8
4591.9
4592
4592.1
4592.2
4592.3
4592.4
4592.5
4592.6
4592.7
4592.8
4592.9
4593
4593.1
4593.2
4593.3
4593.4
4593.5
4593.6
4593.7
4593.8
4593.9
4594
4594.1
4594.2
4594.3
4594.4
4594.5
4594.6
4594.7
4594.8
4594.9
4595
4595.1
4595.2
4595.3
4595.4
4595.5
4595.6
4595.7
4595.8
4595.9
4596
4596.1
4596.2
4596.3
4596.4
4596.5
4596.6
4596.7
4596.8
4596.9
4597
4597.1
4597.2
4597.3
4597.4
4597.5
4597.6
4597.7
4597.8
4597.9
4598
4598.1
4598.2
4598.3
4598.4
4598.5
4598.6
4598.7
4598.8
4598.9
4599
4599.1
4599.2
4599.3
4599.4
4599.5
4599.6
4599.7
4599.8
4599.9
4600
4600.1
4600.2
4600.3
4600.4
4600.5
4600.6
4600.7
4600.8
4600.9
4601
4601.1
4601.2
4601.3
4601.4
4601.5
4601.6
4601.7
4601.8
4601.9
4602
4602.1
4602.2
4602.3
4602.4
4602.5
4602.6
4602.7
4602.8
4602.9
4603
4603.1
4603.2
4603.3
4603.4
4603.5
4603.6
4603.7
4603.8
4603.9
4604
4604.1
4604.2
4604.3
4604.4
4604.5
4604.6
4604.7
4604.8
4604.9
4605
4605.1
4605.2
4605.3
4605.4
4605.5
4605.6
4605.7
4605.8
4605.9
4606
4606.1
4606.2
4606.3
4606.4
4606.5
4606.6
4606.7
4606.8
4606.9
4607
4607.1
4607.2
4607.3
4607.4
4607.5
4607.6
4607.7
4607.8
4607.9
4608
4608.1
4608.2
4608.3
4608.4
4608.5
4608.6
4608.7
4608.8
4608.9
4609
4609.1
4609.2
4609.3
4609.4
4609.5
4609.6
4609.7
4609.8
4609.9
4610
4610.1
4610.2
4610.3
4610.4
4610.5
4610.6
4610.7
4610.8
4610.9
4611
4611.1
4611.2
4611.3
4611.4
4611.5
4611.6
4611.7
4611.8
4611.9
4612
4612.1
4612.2
4612.3
4612.4
4612.5
4612.6
4612.7
4612.8
4612.9
4613
4613.1
4613.2
4613.3
4613.4
4613.5
4613.6
4613.7
4613.8
4613.9
4614
4614.1
4614.2
4614.3
4614.4
4614.5
4614.6
4614.7
4614.8
4614.9
4615
4615.1
4615.2
4615.3
4615.4
4615.5
4615.6
4615.7
4615.8
4615.9
4616
4616.1
4616.2
4616.3
4616.4
4616.5
4616.6
4616.7
4616.8
4616.9
4617
4617.1
4617.2
4617.3
4617.4
4617.5
4617.6
4617.7
4617.8
4617.9
4618
4618.1
4618.2
4618.3
4618.4
4618.5
4618.6
4618.7
4618.8
4618.9
4619
4619.1
4619.2
4619.3
4619.4
4619.5
4619.6
4619.7
4619.8
4619.9
4620
4620.1
4620.2
4620.3
4620.4
4620.5
4620.6
4620.7
4620.8
4620.9
4621
4621.1
4621.2
4621.3
4621.4
4621.5
4621.6
4621.7
4621.8
4621.9
4622
4622.1
4622.2
4622.3
4622.4
4622.5
4622.6
4622.7
4622.8
4622.9
4623
4623.1
4623.2
4623.3
4623.4
4623.5
4623.6
4623.7
4623.8
4623.9
4624
4624.1
4624.2
4624.3
4624.4
4624.5
4624.6
4624.7
4624.8
4624.9
4625
4625.1
4625.2
4625.3
4625.4
4625.5
4625.6
4625.7
4625.8
4625.9
4626
4626.1
4626.2
4626.3
4626.4
4626.5
4626.6
4626.7
4626.8
4626.9
4627
4627.1
4627.2
4627.3
4627.4
4627.5
4627.6
4627.7
4627.8
4627.9
4628
4628.1
4628.2
4628.3
4628.4
4628.5
4628.6
4628.7
4628.8
4628.9
4629
4629.1
4629.2
4629.3
4629.4
4629.5
4629.6
4629.7
4629.8
4629.9
4630
4630.1
4630.2
4630.3
4630.4
4630.5
4630.6
4630.7
4630.8
4630.9
4631
4631.1
4631.2
4631.3
4631.4
4631.5
4631.6
4631.7
4631.8
4631.9
4632
4632.1
4632.2
4632.3
4632.4
4632.5
4632.6
4632.7
4632.8
4632.9
4633
4633.1
4633.2
4633.3
4633.4
4633.5
4633.6
4633.7
4633.8
4633.9
4634
4634.1
4634.2
4634.3
4634.4
4634.5
4634.6
4634.7
4634.8
4634.9
4635
4635.1
4635.2
4635.3
4635.4
4635.5
4635.6
4635.7
4635.8
4635.9
4636
4636.1
4636.2
4636.3
4636.4
4636.5
4636.6
4636.7
4636.8
4636.9
4637
4637.1
4637.2
4637.3
4637.4
4637.5
4637.6
4637.7
4637.8
4637.9
4638
4638.1
4638.2
4638.3
4638.4
4638.5
4638.6
4638.7
4638.8
4638.9
4639
4639.1
4639.2
4639.3
4639.4
4639.5
4639.6
4639.7
4639.8
4639.9
4640
4640.1
4640.2
4640.3
4640.4
4640.5
4640.6
4640.7
4640.8
4640.9
4641
4641.1
4641.2
4641.3
4641.4
4641.5
4641.6
4641.7
4641.8
4641.9
4642
4642.1
4642.2
4642.3
4642.4
4642.5
4642.6
4642.7
4642.8
4642.9
4643
4643.1
4643.2
4643.3
4643.4
4643.5
4643.6
4643.7
4643.8
4643.9
4644
4644.1
4644.2
4644.3
4644.4
4644.5
4644.6
4644.7
4644.8
4644.9
4645
4645.1
4645.2
4645.3
4645.4
4645.5
4645.6
4645.7
4645.8
4645.9
4646
4646.1
4646.2
4646.3
4646.4
4646.5
4646.6
4646.7
4646.8
4646.9
4647
4647.1
4647.2
4647.3
4647.4
4647.5
4647.6
4647.7
4647.8
4647.9
4648
4648.1
4648.2
4648.3
4648.4
4648.5
4648.6
4648.7
4648.8
4648.9
4649
4649.1
4649.2
4649.3
4649.4
4649.5
4649.6
4649.7
4649.8
4649.9
4650
4650.1
4650.2
4650.3
4650.4
4650.5
4650.6
4650.7
4650.8
4650.9
4651
4651.1
4651.2
4651.3
4651.4
4651.5
4651.6
4651.7
4651.8
4651.9
4652
4652.1
4652.2
4652.3
4652.4
4652.5
4652.6
4652.7
4652.8
4652.9
4653
4653.1
4653.2
4653.3
4653.4
4653.5
4653.6
4653.7
4653.8
4653.9
4654
4654.1
4654.2
4654.3
4654.4
4654.5
4654.6
4654.7
4654.8
4654.9
4655
4655.1
4655.2
4655.3
4655.4
4655.5
4655.6
4655.7
4655.8
4655.9
4656
4656.1
4656.2
4656.3
4656.4
4656.5
4656.6
4656.7
4656.8
4656.9
4657
4657.1
4657.2
4657.3
4657.4
4657.5
4657.6
4657.7
4657.8
4657.9
4658
4658.1
4658.2
4658.3
4658.4
4658.5
4658.6
4658.7
4658.8
4658.9
4659
4659.1
4659.2
4659.3
4659.4
4659.5
4659.6
4659.7
4659.8
4659.9
4660
4660.1
4660.2
4660.3
4660.4
4660.5
4660.6
4660.7
4660.8
4660.9
4661
4661.1
4661.2
4661.3
4661.4
4661.5
4661.6
4661.7
4661.8
4661.9
4662
4662.1
4662.2
4662.3
4662.4
4662.5
4662.6
4662.7
4662.8
4662.9
4663
4663.1
4663.2
4663.3
4663.4
4663.5
4663.6
4663.7
4663.8
4663.9
4664
4664.1
4664.2
4664.3
4664.4
4664.5
4664.6
4664.7
4664.8
4664.9
4665
4665.1
4665.2
4665.3
4665.4
4665.5
4665.6
4665.7
4665.8
4665.9
4666
4666.1
4666.2
4666.3
4666.4
4666.5
4666.6
4666.7
4666.8
4666.9
4667
4667.1
4667.2
4667.3
4667.4
4667.5
4667.6
4667.7
4667.8
4667.9
4668
4668.1
4668.2
4668.3
4668.4
4668.5
4668.6
4668.7
4668.8
4668.9
4669
4669.1
4669.2
4669.3
4669.4
4669.5
4669.6
4669.7
4669.8
4669.9
4670
4670.1
4670.2
4670.3
4670.4
4670.5
4670.6
4670.7
4670.8
4670.9
4671
4671.1
4671.2
4671.3
4671.4
4671.5
4671.6
4671.7
4671.8
4671.9
4672
4672.1
4672.2
4672.3
4672.4
4672.5
4672.6
4672.7
4672.8
4672.9
4673
4673.1
4673.2
4673.3
4673.4
4673.5
4673.6
4673.7
4673.8
4673.9
4674
4674.1
4674.2
4674.3
4674.4
4674.5
4674.6
4674.7
4674.8
4674.9
4675
4675.1
4675.2
4675.3
4675.4
4675.5
4675.6
4675.7
4675.8
4675.9
4676
4676.1
4676.2
4676.3
4676.4
4676.5
4676.6
4676.7
4676.8
4676.9
4677
4677.1
4677.2
4677.3
4677.4
4677.5
4677.6
4677.7
4677.8
4677.9
4678
4678.1
4678.2
4678.3
4678.4
4678.5
4678.6
4678.7
4678.8
4678.9
4679
4679.1
4679.2
4679.3
4679.4
4679.5
4679.6
4679.7
4679.8
4679.9
4680
4680.1
4680.2
4680.3
4680.4
4680.5
4680.6
4680.7
4680.8
4680.9
4681
4681.1
4681.2
4681.3
4681.4
4681.5
4681.6
4681.7
4681.8
4681.9
4682
4682.1
4682.2
4682.3
4682.4
4682.5
4682.6
4682.7
4682.8
4682.9
4683
4683.1
4683.2
4683.3
4683.4
4683.5
4683.6
4683.7
4683.8
4683.9
4684
4684.1
4684.2
4684.3
4684.4
4684.5
4684.6
4684.7
4684.8
4684.9
4685
4685.1
4685.2
4685.3
4685.4
4685.5
4685.6
4685.7
4685.8
4685.9
4686
4686.1
4686.2
4686.3
4686.4
4686.5
4686.6
4686.7
4686.8
4686.9
4687
4687.1
4687.2
4687.3
4687.4
4687.5
4687.6
4687.7
4687.8
4687.9
4688
4688.1
4688.2
4688.3
4688.4
4688.5
4688.6
4688.7
4688.8
4688.9
4689
4689.1
4689.2
4689.3
4689.4
4689.5
4689.6
4689.7
4689.8
4689.9
4690
4690.1
4690.2
4690.3
4690.4
4690.5
4690.6
4690.7
4690.8
4690.9
4691
4691.1
4691.2
4691.3
4691.4
4691.5
4691.6
4691.7
4691.8
4691.9
4692
4692.1
4692.2
4692.3
4692.4
4692.5
4692.6
4692.7
4692.8
4692.9
4693
4693.1
4693.2
4693.3
4693.4
4693.5
4693.6
4693.7
4693.8
4693.9
4694
4694.1
4694.2
4694.3
4694.4
4694.5
4694.6
4694.7
4694.8
4694.9
4695
4695.1
4695.2
4695.3
4695.4
4695.5
4695.6
4695.7
4695.8
4695.9
4696
4696.1
4696.2
4696.3
4696.4
4696.5
4696.6
4696.7
4696.8
4696.9
4697
4697.1
4697.2
4697.3
4697.4
4697.5
4697.6
4697.7
4697.8
4697.9
4698
4698.1
4698.2
4698.3
4698.4
4698.5
4698.6
4698.7
4698.8
4698.9
4699
4699.1
4699.2
4699.3
4699.4
4699.5
4699.6
4699.7
4699.8
4699.9
4700
4700.1
4700.2
4700.3
4700.4
4700.5
4700.6
4700.7
4700.8
4700.9
4701
4701.1
4701.2
4701.3
4701.4
4701.5
4701.6
4701.7
4701.8
4701.9
4702
4702.1
4702.2
4702.3
4702.4
4702.5
4702.6
4702.7
4702.8
4702.9
4703
4703.1
4703.2
4703.3
4703.4
4703.5
4703.6
4703.7
4703.8
4703.9
4704
4704.1
4704.2
4704.3
4704.4
4704.5
4704.6
4704.7
4704.8
4704.9
4705
4705.1
4705.2
4705.3
4705.4
4705.5
4705.6
4705.7
4705.8
4705.9
4706
4706.1
4706.2
4706.3
4706.4
4706.5
4706.6
4706.7
4706.8
4706.9
4707
4707.1
4707.2
4707.3
4707.4
4707.5
4707.6
4707.7
4707.8
4707.9
4708
4708.1
4708.2
4708.3
4708.4
4708.5
4708.6
4708.7
4708.8
4708.9
4709
4709.1
4709.2
4709.3
4709.4
4709.5
4709.6
4709.7
4709.8
4709.9
4710
4710.1
4710.2
4710.3
4710.4
4710.5
4710.6
4710.7
4710.8
4710.9
4711
4711.1
4711.2
4711.3
4711.4
4711.5
4711.6
4711.7
4711.8
4711.9
4712
4712.1
4712.2
4712.3
4712.4
4712.5
4712.6
4712.7
4712.8
4712.9
4713
4713.1
4713.2
4713.3
4713.4
4713.5
4713.6
4713.7
4713.8
4713.9
4714
4714.1
4714.2
4714.3
4714.4
4714.5
4714.6
4714.7
4714.8
4714.9
4715
4715.1
4715.2
4715.3
4715.4
4715.5
4715.6
4715.7
4715.8
4715.9
4716
4716.1
4716.2
4716.3
4716.4
4716.5
4716.6
4716.7
4716.8
4716.9
4717
4717.1
4717.2
4717.3
4717.4
4717.5
4717.6
4717.7
4717.8
4717.9
4718
4718.1
4718.2
4718.3
4718.4
4718.5
4718.6
4718.7
4718.8
4718.9
4719
4719.1
4719.2
4719.3
4719.4
4719.5
4719.6
4719.7
4719.8
4719.9
4720
4720.1
4720.2
4720.3
4720.4
4720.5
4720.6
4720.7
4720.8
4720.9
4721
4721.1
4721.2
4721.3
4721.4
4721.5
4721.6
4721.7
4721.8
4721.9
4722
4722.1
4722.2
4722.3
4722.4
4722.5
4722.6
4722.7
4722.8
4722.9
4723
4723.1
4723.2
4723.3
4723.4
4723.5
4723.6
4723.7
4723.8
4723.9
4724
4724.1
4724.2
4724.3
4724.4
4724.5
4724.6
4724.7
4724.8
4724.9
4725
4725.1
4725.2
4725.3
4725.4
4725.5
4725.6
4725.7
4725.8
4725.9
4726
4726.1
4726.2
4726.3
4726.4
4726.5
4726.6
4726.7
4726.8
4726.9
4727
4727.1
4727.2
4727.3
4727.4
4727.5
4727.6
4727.7
4727.8
4727.9
4728
4728.1
4728.2
4728.3
4728.4
4728.5
4728.6
4728.7
4728.8
4728.9
4729
4729.1
4729.2
4729.3
4729.4
4729.5
4729.6
4729.7
4729.8
4729.9
4730
4730.1
4730.2
4730.3
4730.4
4730.5
4730.6
4730.7
4730.8
4730.9
4731
4731.1
4731.2
4731.3
4731.4
4731.5
4731.6
4731.7
4731.8
4731.9
4732
4732.1
4732.2
4732.3
4732.4
4732.5
4732.6
4732.7
4732.8
4732.9
4733
4733.1
4733.2
4733.3
4733.4
4733.5
4733.6
4733.7
4733.8
4733.9
4734
4734.1
4734.2
4734.3
4734.4
4734.5
4734.6
4734.7
4734.8
4734.9
4735
4735.1
4735.2
4735.3
4735.4
4735.5
4735.6
4735.7
4735.8
4735.9
4736
4736.1
4736.2
4736.3
4736.4
4736.5
4736.6
4736.7
4736.8
4736.9
4737
4737.1
4737.2
4737.3
4737.4
4737.5
4737.6
4737.7
4737.8
4737.9
4738
4738.1
4738.2
4738.3
4738.4
4738.5
4738.6
4738.7
4738.8
4738.9
4739
4739.1
4739.2
4739.3
4739.4
4739.5
4739.6
4739.7
4739.8
4739.9
4740
4740.1
4740.2
4740.3
4740.4
4740.5
4740.6
4740.7
4740.8
4740.9
4741
4741.1
4741.2
4741.3
4741.4
4741.5
4741.6
4741.7
4741.8
4741.9
4742
4742.1
4742.2
4742.3
4742.4
4742.5
4742.6
4742.7
4742.8
4742.9
4743
4743.1
4743.2
4743.3
4743.4
4743.5
4743.6
4743.7
4743.8
4743.9
4744
4744.1
4744.2
4744.3
4744.4
4744.5
4744.6
4744.7
4744.8
4744.9
4745
4745.1
4745.2
4745.3
4745.4
4745.5
4745.6
4745.7
4745.8
4745.9
4746
4746.1
4746.2
4746.3
4746.4
4746.5
4746.6
4746.7
4746.8
4746.9
4747
4747.1
4747.2
4747.3
4747.4
4747.5
4747.6
4747.7
4747.8
4747.9
4748
4748.1
4748.2
4748.3
4748.4
4748.5
4748.6
4748.7
4748.8
4748.9
4749
4749.1
4749.2
4749.3
4749.4
4749.5
4749.6
4749.7
4749.8
4749.9
4750
4750.1
4750.2
4750.3
4750.4
4750.5
4750.6
4750.7
4750.8
4750.9
4751
4751.1
4751.2
4751.3
4751.4
4751.5
4751.6
4751.7
4751.8
4751.9
4752
4752.1
4752.2
4752.3
4752.4
4752.5
4752.6
4752.7
4752.8
4752.9
4753
4753.1
4753.2
4753.3
4753.4
4753.5
4753.6
4753.7
4753.8
4753.9
4754
4754.1
4754.2
4754.3
4754.4
4754.5
4754.6
4754.7
4754.8
4754.9
4755
4755.1
4755.2
4755.3
4755.4
4755.5
4755.6
4755.7
4755.8
4755.9
4756
4756.1
4756.2
4756.3
4756.4
4756.5
4756.6
4756.7
4756.8
4756.9
4757
4757.1
4757.2
4757.3
4757.4
4757.5
4757.6
4757.7
4757.8
4757.9
4758
4758.1
4758.2
4758.3
4758.4
4758.5
4758.6
4758.7
4758.8
4758.9
4759
4759.1
4759.2
4759.3
4759.4
4759.5
4759.6
4759.7
4759.8
4759.9
4760
4760.1
4760.2
4760.3
4760.4
4760.5
4760.6
4760.7
4760.8
4760.9
4761
4761.1
4761.2
4761.3
4761.4
4761.5
4761.6
4761.7
4761.8
4761.9
4762
4762.1
4762.2
4762.3
4762.4
4762.5
4762.6
4762.7
4762.8
4762.9
4763
4763.1
4763.2
4763.3
4763.4
4763.5
4763.6
4763.7
4763.8
4763.9
4764
4764.1
4764.2
4764.3
4764.4
4764.5
4764.6
4764.7
4764.8
4764.9
4765
4765.1
4765.2
4765.3
4765.4
4765.5
4765.6
4765.7
4765.8
4765.9
4766
4766.1
4766.2
4766.3
4766.4
4766.5
4766.6
4766.7
4766.8
4766.9
4767
4767.1
4767.2
4767.3
4767.4
4767.5
4767.6
4767.7
4767.8
4767.9
4768
4768.1
4768.2
4768.3
4768.4
4768.5
4768.6
4768.7
4768.8
4768.9
4769
4769.1
4769.2
4769.3
4769.4
4769.5
4769.6
4769.7
4769.8
4769.9
4770
4770.1
4770.2
4770.3
4770.4
4770.5
4770.6
4770.7
4770.8
4770.9
4771
4771.1
4771.2
4771.3
4771.4
4771.5
4771.6
4771.7
4771.8
4771.9
4772
4772.1
4772.2
4772.3
4772.4
4772.5
4772.6
4772.7
4772.8
4772.9
4773
4773.1
4773.2
4773.3
4773.4
4773.5
4773.6
4773.7
4773.8
4773.9
4774
4774.1
4774.2
4774.3
4774.4
4774.5
4774.6
4774.7
4774.8
4774.9
4775
4775.1
4775.2
4775.3
4775.4
4775.5
4775.6
4775.7
4775.8
4775.9
4776
4776.1
4776.2
4776.3
4776.4
4776.5
4776.6
4776.7
4776.8
4776.9
4777
4777.1
4777.2
4777.3
4777.4
4777.5
4777.6
4777.7
4777.8
4777.9
4778
4778.1
4778.2
4778.3
4778.4
4778.5
4778.6
4778.7
4778.8
4778.9
4779
4779.1
4779.2
4779.3
4779.4
4779.5
4779.6
4779.7
4779.8
4779.9
4780
4780.1
4780.2
4780.3
4780.4
4780.5
4780.6
4780.7
4780.8
4780.9
4781
4781.1
4781.2
4781.3
4781.4
4781.5
4781.6
4781.7
4781.8
4781.9
4782
4782.1
4782.2
4782.3
4782.4
4782.5
4782.6
4782.7
4782.8
4782.9
4783
4783.1
4783.2
4783.3
4783.4
4783.5
4783.6
4783.7
4783.8
4783.9
4784
4784.1
4784.2
4784.3
4784.4
4784.5
4784.6
4784.7
4784.8
4784.9
4785
4785.1
4785.2
4785.3
4785.4
4785.5
4785.6
4785.7
4785.8
4785.9
4786
4786.1
4786.2
4786.3
4786.4
4786.5
4786.6
4786.7
4786.8
4786.9
4787
4787.1
4787.2
4787.3
4787.4
4787.5
4787.6
4787.7
4787.8
4787.9
4788
4788.1
4788.2
4788.3
4788.4
4788.5
4788.6
4788.7
4788.8
4788.9
4789
4789.1
4789.2
4789.3
4789.4
4789.5
4789.6
4789.7
4789.8
4789.9
4790
4790.1
4790.2
4790.3
4790.4
4790.5
4790.6
4790.7
4790.8
4790.9
4791
4791.1
4791.2
4791.3
4791.4
4791.5
4791.6
4791.7
4791.8
4791.9
4792
4792.1
4792.2
4792.3
4792.4
4792.5
4792.6
4792.7
4792.8
4792.9
4793
4793.1
4793.2
4793.3
4793.4
4793.5
4793.6
4793.7
4793.8
4793.9
4794
4794.1
4794.2
4794.3
4794.4
4794.5
4794.6
4794.7
4794.8
4794.9
4795
4795.1
4795.2
4795.3
4795.4
4795.5
4795.6
4795.7
4795.8
4795.9
4796
4796.1
4796.2
4796.3
4796.4
4796.5
4796.6
4796.7
4796.8
4796.9
4797
4797.1
4797.2
4797.3
4797.4
4797.5
4797.6
4797.7
4797.8
4797.9
4798
4798.1
4798.2
4798.3
4798.4
4798.5
4798.6
4798.7
4798.8
4798.9
4799
4799.1
4799.2
4799.3
4799.4
4799.5
4799.6
4799.7
4799.8
4799.9
4800
4800.1
4800.2
4800.3
4800.4
4800.5
4800.6
4800.7
4800.8
4800.9
4801
4801.1
4801.2
4801.3
4801.4
4801.5
4801.6
4801.7
4801.8
4801.9
4802
4802.1
4802.2
4802.3
4802.4
4802.5
4802.6
4802.7
4802.8
4802.9
4803
4803.1
4803.2
4803.3
4803.4
4803.5
4803.6
4803.7
4803.8
4803.9
4804
4804.1
4804.2
4804.3
4804.4
4804.5
4804.6
4804.7
4804.8
4804.9
4805
4805.1
4805.2
4805.3
4805.4
4805.5
4805.6
4805.7
4805.8
4805.9
4806
4806.1
4806.2
4806.3
4806.4
4806.5
4806.6
4806.7
4806.8
4806.9
4807
4807.1
4807.2
4807.3
4807.4
4807.5
4807.6
4807.7
4807.8
4807.9
4808
4808.1
4808.2
4808.3
4808.4
4808.5
4808.6
4808.7
4808.8
4808.9
4809
4809.1
4809.2
4809.3
4809.4
4809.5
4809.6
4809.7
4809.8
4809.9
4810
4810.1
4810.2
4810.3
4810.4
4810.5
4810.6
4810.7
4810.8
4810.9
4811
4811.1
4811.2
4811.3
4811.4
4811.5
4811.6
4811.7
4811.8
4811.9
4812
4812.1
4812.2
4812.3
4812.4
4812.5
4812.6
4812.7
4812.8
4812.9
4813
4813.1
4813.2
4813.3
4813.4
4813.5
4813.6
4813.7
4813.8
4813.9
4814
4814.1
4814.2
4814.3
4814.4
4814.5
4814.6
4814.7
4814.8
4814.9
4815
4815.1
4815.2
4815.3
4815.4
4815.5
4815.6
4815.7
4815.8
4815.9
4816
4816.1
4816.2
4816.3
4816.4
4816.5
4816.6
4816.7
4816.8
4816.9
4817
4817.1
4817.2
4817.3
4817.4
4817.5
4817.6
4817.7
4817.8
4817.9
4818
4818.1
4818.2
4818.3
4818.4
4818.5
4818.6
4818.7
4818.8
4818.9
4819
4819.1
4819.2
4819.3
4819.4
4819.5
4819.6
4819.7
4819.8
4819.9
4820
4820.1
4820.2
4820.3
4820.4
4820.5
4820.6
4820.7
4820.8
4820.9
4821
4821.1
4821.2
4821.3
4821.4
4821.5
4821.6
4821.7
4821.8
4821.9
4822
4822.1
4822.2
4822.3
4822.4
4822.5
4822.6
4822.7
4822.8
4822.9
4823
4823.1
4823.2
4823.3
4823.4
4823.5
4823.6
4823.7
4823.8
4823.9
4824
4824.1
4824.2
4824.3
4824.4
4824.5
4824.6
4824.7
4824.8
4824.9
4825
4825.1
4825.2
4825.3
4825.4
4825.5
4825.6
4825.7
4825.8
4825.9
4826
4826.1
4826.2
4826.3
4826.4
4826.5
4826.6
4826.7
4826.8
4826.9
4827
4827.1
4827.2
4827.3
4827.4
4827.5
4827.6
4827.7
4827.8
4827.9
4828
4828.1
4828.2
4828.3
4828.4
4828.5
4828.6
4828.7
4828.8
4828.9
4829
4829.1
4829.2
4829.3
4829.4
4829.5
4829.6
4829.7
4829.8
4829.9
4830
4830.1
4830.2
4830.3
4830.4
4830.5
4830.6
4830.7
4830.8
4830.9
4831
4831.1
4831.2
4831.3
4831.4
4831.5
4831.6
4831.7
4831.8
4831.9
4832
4832.1
4832.2
4832.3
4832.4
4832.5
4832.6
4832.7
4832.8
4832.9
4833
4833.1
4833.2
4833.3
4833.4
4833.5
4833.6
4833.7
4833.8
4833.9
4834
4834.1
4834.2
4834.3
4834.4
4834.5
4834.6
4834.7
4834.8
4834.9
4835
4835.1
4835.2
4835.3
4835.4
4835.5
4835.6
4835.7
4835.8
4835.9
4836
4836.1
4836.2
4836.3
4836.4
4836.5
4836.6
4836.7
4836.8
4836.9
4837
4837.1
4837.2
4837.3
4837.4
4837.5
4837.6
4837.7
4837.8
4837.9
4838
4838.1
4838.2
4838.3
4838.4
4838.5
4838.6
4838.7
4838.8
4838.9
4839
4839.1
4839.2
4839.3
4839.4
4839.5
4839.6
4839.7
4839.8
4839.9
4840
4840.1
4840.2
4840.3
4840.4
4840.5
4840.6
4840.7
4840.8
4840.9
4841
4841.1
4841.2
4841.3
4841.4
4841.5
4841.6
4841.7
4841.8
4841.9
4842
4842.1
4842.2
4842.3
4842.4
4842.5
4842.6
4842.7
4842.8
4842.9
4843
4843.1
4843.2
4843.3
4843.4
4843.5
4843.6
4843.7
4843.8
4843.9
4844
4844.1
4844.2
4844.3
4844.4
4844.5
4844.6
4844.7
4844.8
4844.9
4845
4845.1
4845.2
4845.3
4845.4
4845.5
4845.6
4845.7
4845.8
4845.9
4846
4846.1
4846.2
4846.3
4846.4
4846.5
4846.6
4846.7
4846.8
4846.9
4847
4847.1
4847.2
4847.3
4847.4
4847.5
4847.6
4847.7
4847.8
4847.9
4848
4848.1
4848.2
4848.3
4848.4
4848.5
4848.6
4848.7
4848.8
4848.9
4849
4849.1
4849.2
4849.3
4849.4
4849.5
4849.6
4849.7
4849.8
4849.9
4850
4850.1
4850.2
4850.3
4850.4
4850.5
4850.6
4850.7
4850.8
4850.9
4851
4851.1
4851.2
4851.3
4851.4
4851.5
4851.6
4851.7
4851.8
4851.9
4852
4852.1
4852.2
4852.3
4852.4
4852.5
4852.6
4852.7
4852.8
4852.9
4853
4853.1
4853.2
4853.3
4853.4
4853.5
4853.6
4853.7
4853.8
4853.9
4854
4854.1
4854.2
4854.3
4854.4
4854.5
4854.6
4854.7
4854.8
4854.9
4855
4855.1
4855.2
4855.3
4855.4
4855.5
4855.6
4855.7
4855.8
4855.9
4856
4856.1
4856.2
4856.3
4856.4
4856.5
4856.6
4856.7
4856.8
4856.9
4857
4857.1
4857.2
4857.3
4857.4
4857.5
4857.6
4857.7
4857.8
4857.9
4858
4858.1
4858.2
4858.3
4858.4
4858.5
4858.6
4858.7
4858.8
4858.9
4859
4859.1
4859.2
4859.3
4859.4
4859.5
4859.6
4859.7
4859.8
4859.9
4860
4860.1
4860.2
4860.3
4860.4
4860.5
4860.6
4860.7
4860.8
4860.9
4861
4861.1
4861.2
4861.3
4861.4
4861.5
4861.6
4861.7
4861.8
4861.9
4862
4862.1
4862.2
4862.3
4862.4
4862.5
4862.6
4862.7
4862.8
4862.9
4863
4863.1
4863.2
4863.3
4863.4
4863.5
4863.6
4863.7
4863.8
4863.9
4864
4864.1
4864.2
4864.3
4864.4
4864.5
4864.6
4864.7
4864.8
4864.9
4865
4865.1
4865.2
4865.3
4865.4
4865.5
4865.6
4865.7
4865.8
4865.9
4866
4866.1
4866.2
4866.3
4866.4
4866.5
4866.6
4866.7
4866.8
4866.9
4867
4867.1
4867.2
4867.3
4867.4
4867.5
4867.6
4867.7
4867.8
4867.9
4868
4868.1
4868.2
4868.3
4868.4
4868.5
4868.6
4868.7
4868.8
4868.9
4869
4869.1
4869.2
4869.3
4869.4
4869.5
4869.6
4869.7
4869.8
4869.9
4870
4870.1
4870.2
4870.3
4870.4
4870.5
4870.6
4870.7
4870.8
4870.9
4871
4871.1
4871.2
4871.3
4871.4
4871.5
4871.6
4871.7
4871.8
4871.9
4872
4872.1
4872.2
4872.3
4872.4
4872.5
4872.6
4872.7
4872.8
4872.9
4873
4873.1
4873.2
4873.3
4873.4
4873.5
4873.6
4873.7
4873.8
4873.9
4874
4874.1
4874.2
4874.3
4874.4
4874.5
4874.6
4874.7
4874.8
4874.9
4875
4875.1
4875.2
4875.3
4875.4
4875.5
4875.6
4875.7
4875.8
4875.9
4876
4876.1
4876.2
4876.3
4876.4
4876.5
4876.6
4876.7
4876.8
4876.9
4877
4877.1
4877.2
4877.3
4877.4
4877.5
4877.6
4877.7
4877.8
4877.9
4878
4878.1
4878.2
4878.3
4878.4
4878.5
4878.6
4878.7
4878.8
4878.9
4879
4879.1
4879.2
4879.3
4879.4
4879.5
4879.6
4879.7
4879.8
4879.9
4880
4880.1
4880.2
4880.3
4880.4
4880.5
4880.6
4880.7
4880.8
4880.9
4881
4881.1
4881.2
4881.3
4881.4
4881.5
4881.6
4881.7
4881.8
4881.9
4882
4882.1
4882.2
4882.3
4882.4
4882.5
4882.6
4882.7
4882.8
4882.9
4883
4883.1
4883.2
4883.3
4883.4
4883.5
4883.6
4883.7
4883.8
4883.9
4884
4884.1
4884.2
4884.3
4884.4
4884.5
4884.6
4884.7
4884.8
4884.9
4885
4885.1
4885.2
4885.3
4885.4
4885.5
4885.6
4885.7
4885.8
4885.9
4886
4886.1
4886.2
4886.3
4886.4
4886.5
4886.6
4886.7
4886.8
4886.9
4887
4887.1
4887.2
4887.3
4887.4
4887.5
4887.6
4887.7
4887.8
4887.9
4888
4888.1
4888.2
4888.3
4888.4
4888.5
4888.6
4888.7
4888.8
4888.9
4889
4889.1
4889.2
4889.3
4889.4
4889.5
4889.6
4889.7
4889.8
4889.9
4890
4890.1
4890.2
4890.3
4890.4
4890.5
4890.6
4890.7
4890.8
4890.9
4891
4891.1
4891.2
4891.3
4891.4
4891.5
4891.6
4891.7
4891.8
4891.9
4892
4892.1
4892.2
4892.3
4892.4
4892.5
4892.6
4892.7
4892.8
4892.9
4893
4893.1
4893.2
4893.3
4893.4
4893.5
4893.6
4893.7
4893.8
4893.9
4894
4894.1
4894.2
4894.3
4894.4
4894.5
4894.6
4894.7
4894.8
4894.9
4895
4895.1
4895.2
4895.3
4895.4
4895.5
4895.6
4895.7
4895.8
4895.9
4896
4896.1
4896.2
4896.3
4896.4
4896.5
4896.6
4896.7
4896.8
4896.9
4897
4897.1
4897.2
4897.3
4897.4
4897.5
4897.6
4897.7
4897.8
4897.9
4898
4898.1
4898.2
4898.3
4898.4
4898.5
4898.6
4898.7
4898.8
4898.9
4899
4899.1
4899.2
4899.3
4899.4
4899.5
4899.6
4899.7
4899.8
4899.9
4900
4900.1
4900.2
4900.3
4900.4
4900.5
4900.6
4900.7
4900.8
4900.9
4901
4901.1
4901.2
4901.3
4901.4
4901.5
4901.6
4901.7
4901.8
4901.9
4902
4902.1
4902.2
4902.3
4902.4
4902.5
4902.6
4902.7
4902.8
4902.9
4903
4903.1
4903.2
4903.3
4903.4
4903.5
4903.6
4903.7
4903.8
4903.9
4904
4904.1
4904.2
4904.3
4904.4
4904.5
4904.6
4904.7
4904.8
4904.9
4905
4905.1
4905.2
4905.3
4905.4
4905.5
4905.6
4905.7
4905.8
4905.9
4906
4906.1
4906.2
4906.3
4906.4
4906.5
4906.6
4906.7
4906.8
4906.9
4907
4907.1
4907.2
4907.3
4907.4
4907.5
4907.6
4907.7
4907.8
4907.9
4908
4908.1
4908.2
4908.3
4908.4
4908.5
4908.6
4908.7
4908.8
4908.9
4909
4909.1
4909.2
4909.3
4909.4
4909.5
4909.6
4909.7
4909.8
4909.9
4910
4910.1
4910.2
4910.3
4910.4
4910.5
4910.6
4910.7
4910.8
4910.9
4911
4911.1
4911.2
4911.3
4911.4
4911.5
4911.6
4911.7
4911.8
4911.9
4912
4912.1
4912.2
4912.3
4912.4
4912.5
4912.6
4912.7
4912.8
4912.9
4913
4913.1
4913.2
4913.3
4913.4
4913.5
4913.6
4913.7
4913.8
4913.9
4914
4914.1
4914.2
4914.3
4914.4
4914.5
4914.6
4914.7
4914.8
4914.9
4915
4915.1
4915.2
4915.3
4915.4
4915.5
4915.6
4915.7
4915.8
4915.9
4916
4916.1
4916.2
4916.3
4916.4
4916.5
4916.6
4916.7
4916.8
4916.9
4917
4917.1
4917.2
4917.3
4917.4
4917.5
4917.6
4917.7
4917.8
4917.9
4918
4918.1
4918.2
4918.3
4918.4
4918.5
4918.6
4918.7
4918.8
4918.9
4919
4919.1
4919.2
4919.3
4919.4
4919.5
4919.6
4919.7
4919.8
4919.9
4920
4920.1
4920.2
4920.3
4920.4
4920.5
4920.6
4920.7
4920.8
4920.9
4921
4921.1
4921.2
4921.3
4921.4
4921.5
4921.6
4921.7
4921.8
4921.9
4922
4922.1
4922.2
4922.3
4922.4
4922.5
4922.6
4922.7
4922.8
4922.9
4923
4923.1
4923.2
4923.3
4923.4
4923.5
4923.6
4923.7
4923.8
4923.9
4924
4924.1
4924.2
4924.3
4924.4
4924.5
4924.6
4924.7
4924.8
4924.9
4925
4925.1
4925.2
4925.3
4925.4
4925.5
4925.6
4925.7
4925.8
4925.9
4926
4926.1
4926.2
4926.3
4926.4
4926.5
4926.6
4926.7
4926.8
4926.9
4927
4927.1
4927.2
4927.3
4927.4
4927.5
4927.6
4927.7
4927.8
4927.9
4928
4928.1
4928.2
4928.3
4928.4
4928.5
4928.6
4928.7
4928.8
4928.9
4929
4929.1
4929.2
4929.3
4929.4
4929.5
4929.6
4929.7
4929.8
4929.9
4930
4930.1
4930.2
4930.3
4930.4
4930.5
4930.6
4930.7
4930.8
4930.9
4931
4931.1
4931.2
4931.3
4931.4
4931.5
4931.6
4931.7
4931.8
4931.9
4932
4932.1
4932.2
4932.3
4932.4
4932.5
4932.6
4932.7
4932.8
4932.9
4933
4933.1
4933.2
4933.3
4933.4
4933.5
4933.6
4933.7
4933.8
4933.9
4934
4934.1
4934.2
4934.3
4934.4
4934.5
4934.6
4934.7
4934.8
4934.9
4935
4935.1
4935.2
4935.3
4935.4
4935.5
4935.6
4935.7
4935.8
4935.9
4936
4936.1
4936.2
4936.3
4936.4
4936.5
4936.6
4936.7
4936.8
4936.9
4937
4937.1
4937.2
4937.3
4937.4
4937.5
4937.6
4937.7
4937.8
4937.9
4938
4938.1
4938.2
4938.3
4938.4
4938.5
4938.6
4938.7
4938.8
4938.9
4939
4939.1
4939.2
4939.3
4939.4
4939.5
4939.6
4939.7
4939.8
4939.9
4940
4940.1
4940.2
4940.3
4940.4
4940.5
4940.6
4940.7
4940.8
4940.9
4941
4941.1
4941.2
4941.3
4941.4
4941.5
4941.6
4941.7
4941.8
4941.9
4942
4942.1
4942.2
4942.3
4942.4
4942.5
4942.6
4942.7
4942.8
4942.9
4943
4943.1
4943.2
4943.3
4943.4
4943.5
4943.6
4943.7
4943.8
4943.9
4944
4944.1
4944.2
4944.3
4944.4
4944.5
4944.6
4944.7
4944.8
4944.9
4945
4945.1
4945.2
4945.3
4945.4
4945.5
4945.6
4945.7
4945.8
4945.9
4946
4946.1
4946.2
4946.3
4946.4
4946.5
4946.6
4946.7
4946.8
4946.9
4947
4947.1
4947.2
4947.3
4947.4
4947.5
4947.6
4947.7
4947.8
4947.9
4948
4948.1
4948.2
4948.3
4948.4
4948.5
4948.6
4948.7
4948.8
4948.9
4949
4949.1
4949.2
4949.3
4949.4
4949.5
4949.6
4949.7
4949.8
4949.9
4950
4950.1
4950.2
4950.3
4950.4
4950.5
4950.6
4950.7
4950.8
4950.9
4951
4951.1
4951.2
4951.3
4951.4
4951.5
4951.6
4951.7
4951.8
4951.9
4952
4952.1
4952.2
4952.3
4952.4
4952.5
4952.6
4952.7
4952.8
4952.9
4953
4953.1
4953.2
4953.3
4953.4
4953.5
4953.6
4953.7
4953.8
4953.9
4954
4954.1
4954.2
4954.3
4954.4
4954.5
4954.6
4954.7
4954.8
4954.9
4955
4955.1
4955.2
4955.3
4955.4
4955.5
4955.6
4955.7
4955.8
4955.9
4956
4956.1
4956.2
4956.3
4956.4
4956.5
4956.6
4956.7
4956.8
4956.9
4957
4957.1
4957.2
4957.3
4957.4
4957.5
4957.6
4957.7
4957.8
4957.9
4958
4958.1
4958.2
4958.3
4958.4
4958.5
4958.6
4958.7
4958.8
4958.9
4959
4959.1
4959.2
4959.3
4959.4
4959.5
4959.6
4959.7
4959.8
4959.9
4960
4960.1
4960.2
4960.3
4960.4
4960.5
4960.6
4960.7
4960.8
4960.9
4961
4961.1
4961.2
4961.3
4961.4
4961.5
4961.6
4961.7
4961.8
4961.9
4962
4962.1
4962.2
4962.3
4962.4
4962.5
4962.6
4962.7
4962.8
4962.9
4963
4963.1
4963.2
4963.3
4963.4
4963.5
4963.6
4963.7
4963.8
4963.9
4964
4964.1
4964.2
4964.3
4964.4
4964.5
4964.6
4964.7
4964.8
4964.9
4965
4965.1
4965.2
4965.3
4965.4
4965.5
4965.6
4965.7
4965.8
4965.9
4966
4966.1
4966.2
4966.3
4966.4
4966.5
4966.6
4966.7
4966.8
4966.9
4967
4967.1
4967.2
4967.3
4967.4
4967.5
4967.6
4967.7
4967.8
4967.9
4968
4968.1
4968.2
4968.3
4968.4
4968.5
4968.6
4968.7
4968.8
4968.9
4969
4969.1
4969.2
4969.3
4969.4
4969.5
4969.6
4969.7
4969.8
4969.9
4970
4970.1
4970.2
4970.3
4970.4
4970.5
4970.6
4970.7
4970.8
4970.9
4971
4971.1
4971.2
4971.3
4971.4
4971.5
4971.6
4971.7
4971.8
4971.9
4972
4972.1
4972.2
4972.3
4972.4
4972.5
4972.6
4972.7
4972.8
4972.9
4973
4973.1
4973.2
4973.3
4973.4
4973.5
4973.6
4973.7
4973.8
4973.9
4974
4974.1
4974.2
4974.3
4974.4
4974.5
4974.6
4974.7
4974.8
4974.9
4975
4975.1
4975.2
4975.3
4975.4
4975.5
4975.6
4975.7
4975.8
4975.9
4976
4976.1
4976.2
4976.3
4976.4
4976.5
4976.6
4976.7
4976.8
4976.9
4977
4977.1
4977.2
4977.3
4977.4
4977.5
4977.6
4977.7
4977.8
4977.9
4978
4978.1
4978.2
4978.3
4978.4
4978.5
4978.6
4978.7
4978.8
4978.9
4979
4979.1
4979.2
4979.3
4979.4
4979.5
4979.6
4979.7
4979.8
4979.9
4980
4980.1
4980.2
4980.3
4980.4
4980.5
4980.6
4980.7
4980.8
4980.9
4981
4981.1
4981.2
4981.3
4981.4
4981.5
4981.6
4981.7
4981.8
4981.9
4982
4982.1
4982.2
4982.3
4982.4
4982.5
4982.6
4982.7
4982.8
4982.9
4983
4983.1
4983.2
4983.3
4983.4
4983.5
4983.6
4983.7
4983.8
4983.9
4984
4984.1
4984.2
4984.3
4984.4
4984.5
4984.6
4984.7
4984.8
4984.9
4985
4985.1
4985.2
4985.3
4985.4
4985.5
4985.6
4985.7
4985.8
4985.9
4986
4986.1
4986.2
4986.3
4986.4
4986.5
4986.6
4986.7
4986.8
4986.9
4987
4987.1
4987.2
4987.3
4987.4
4987.5
4987.6
4987.7
4987.8
4987.9
4988
4988.1
4988.2
4988.3
4988.4
4988.5
4988.6
4988.7
4988.8
4988.9
4989
4989.1
4989.2
4989.3
4989.4
4989.5
4989.6
4989.7
4989.8
4989.9
4990
4990.1
4990.2
4990.3
4990.4
4990.5
4990.6
4990.7
4990.8
4990.9
4991
4991.1
4991.2
4991.3
4991.4
4991.5
4991.6
4991.7
4991.8
4991.9
4992
4992.1
4992.2
4992.3
4992.4
4992.5
4992.6
4992.7
4992.8
4992.9
4993
4993.1
4993.2
4993.3
4993.4
4993.5
4993.6
4993.7
4993.8
4993.9
4994
4994.1
4994.2
4994.3
4994.4
4994.5
4994.6
4994.7
4994.8
4994.9
4995
4995.1
4995.2
4995.3
4995.4
4995.5
4995.6
4995.7
4995.8
4995.9
4996
4996.1
4996.2
4996.3
4996.4
4996.5
4996.6
4996.7
4996.8
4996.9
4997
4997.1
4997.2
4997.3
4997.4
4997.5
4997.6
4997.7
4997.8
4997.9
4998
4998.1
4998.2
4998.3
4998.4
4998.5
4998.6
4998.7
4998.8
4998.9
4999
4999.1
4999.2
4999.3
4999.4
4999.5
4999.6
4999.7
4999.8
4999.9
5000
